"A","B","C"
"1",0.0458300677475569,0.862510546585495,0.0916593856669481
"2",0.149996815734401,0.749983394361266,0.100019789902494
"3",0.0849573174003852,0.832013762491816,0.0830289201077985
"4",0.148375412122271,0.741052616722734,0.110571971032178
"5",0.217599623235754,0.736797272803107,0.0456031039611391
"6",0,0.924643355601736,0.0753566443982639
"7",0.117027020204521,0.823494482927578,0.0594784968679011
"8",0.081870893352285,0.833444018166659,0.0846850884810558
"9",0.0451849749803923,0.954815014514371,9.99051434781782e-09
"10",0.111131215556045,0.888868784189058,0
"11",0.0929195041984655,0.729656278654316,0.177424217147218
"12",0.100094619011654,0.802070034405398,0.0978353465829476
"13",0.114381391967604,0.805012985294969,0.0806056227374271
"14",0.103008842083361,0.819975801957245,0.0770153559593937
"15",0.0838142260815233,0.767910166336013,0.148275607582464
"16",0.035488639045481,0.816232808146697,0.148278552807822
"17",0,0.69026083332739,0.30973916667261
"18",0.0947140407325931,0.830819243703937,0.0744667155634698
"19",0.0869557801739055,0.876064497558996,0.0369797222670983
"20",0.081092222364723,0.678195812154805,0.240711965480472
"21",0.142940476065147,0.75044419582323,0.106615328111624
"22",0.118286679435745,0.842284770895686,0.0394285496685697
"23",0.087200786660328,0.828261024932546,0.0845381872341026
"24",0.115112819321287,0.769761467999648,0.115125712679065
"25",0.119498320552213,0.716187008072289,0.164314671375498
"26",0.150061574547821,0.799920787268292,0.0500176381814605
"27",0.0831196316403037,0.844108393881912,0.0727719744777844
"28",0.224304753195567,0.730292860561854,0.0454023848109641
"29",0.0634999771632327,0.936500022832159,0
"30",0.0845570199919444,0.878253344778434,0.0371896352296217
"31",0.131290852943947,0.743925662290948,0.124783484765106
"32",0,0.944444373922934,0.0555556260770656
"33",0,0.920696632523131,0.0793033674768694
"34",0.150545807494967,0.738459608584245,0.110994583920788
"35",0.12169875195769,0.756604564331568,0.121696683096492
"36",0.0812501910257946,0.714671625592357,0.204078183381848
"37",0.0381651756610741,0.922139457843727,0.0396953664951994
"38",0.0634772974796137,0.714349488279763,0.222173214240624
"39",0.0427419107865842,0.871442562331463,0.0858155268819531
"40",0.205074185628364,0.794925814168779,0
"41",0.0357696942247584,0.839468543135409,0.12476176076571
"42",0.125015780075363,0.666074129523708,0.208910090400928
"43",0.259687882567581,0.605841534853688,0.134470582578731
"44",0.0764629627022692,0.841096565748637,0.0824404715490936
"45",0.0907711141050637,0.773081215499771,0.136147670395166
"46",0.05259576873098,0.825901629762072,0.121502601506948
"47",0.130547589029339,0.782501490480122,0.0869509204905382
"48",0.0465737609090379,0.759133242402758,0.194292996688204
"49",0.108051926806954,0.891948071736355,0
"50",0.0853163683867424,0.753543184331567,0.16114044728169
"51",0.044172656061097,0.911649828618385,0.0441775153205184
"52",0.129185268874003,0.77510427357013,0.0957104575558674
"53",0.119812163120939,0.753595090930606,0.126592745948455
"54",0.0476329979885993,0.903562927427532,0.0488040722008113
"55",0,0.88387269542608,0.11612730457392
"56",0.08653911872485,0.91346088064219,0
"57",0.0869413781113161,0.654052142404888,0.259006478973121
"58",0.193582970879809,0.696972678053017,0.109444351067174
"59",0,0.947480457888715,0.0525195411027132
"60",0,0.890782598938419,0.109217401061581
"61",0.172743823102366,0.780126983449093,0.0471290557500751
"62",0.0471699534217168,0.811325321424312,0.141504725153971
"63",0,0.943168542760819,0.0568314572391811
"64",0.122894445120668,0.696463799631311,0.180641755248021
"65",0.1051383558473,0.789718977523481,0.105142666608261
"66",0.142768659011053,0.785225981679103,0.072005359309844
"67",0.129856290505249,0.870143709494751,8.54858602580814e-30
"68",0.103898211398287,0.694082398517349,0.202019390084364
"69",0.1726189388036,0.741543258598145,0.0858378025982544
"70",0.106138909664531,0.642636152439309,0.25122493789616
"71",0,0.964067529983368,0.0359324700166315
"72",2.32883412517548e-19,1,1.30460795876125e-17
"73",0.106457011489261,0.726008160902047,0.167534827608692
"74",0.0308202935711116,0.870365601678999,0.0988141047498897
"75",0.205451801321184,0.605879706947194,0.188668491731623
"76",0.0467606909834774,0.766201288337625,0.1870380203801
"77",0.254739896280013,0.60401015457354,0.141249949146447
"78",0.203280512971487,0.649659164126584,0.147060322901929
"79",0.12786120712323,0.820365814703404,0.0517729781733659
"80",0.243085909558515,0.535502157132748,0.221411933308737
"81",0,0.922459278834855,0.0775407211651452
"82",0.131025141538103,0.739932691719118,0.129042166742778
"83",0.05878596456038,0.882139430922618,0.0590746045170015
"84",0.0804922950041497,0.725147052708647,0.1943606522872
"85",0.130592311621275,0.796956697496909,0.0724509908818156
"86",0.0901414735751543,0.867573613044636,0.0422849133802094
"87",0.152196221097998,0.800703420207351,0.0471003586946512
"88",0.199575919862451,0.63609931997329,0.164324760164259
"89",0.196974476110607,0.637908054307507,0.165117469581886
"90",0.0909013694780103,0.818100399490583,0.0909982310061126
"91",0.138559236252428,0.726902192532389,0.134538571215182
"92",0.0833487144730236,0.874513022608893,0.0421382629180838
"93",0.147860918870774,0.794886307166908,0.0572527739522252
"94",0.188252103382017,0.670561914977833,0.14118598164015
"95",0.137930106537404,0.827586871568952,0.0344830218456061
"96",0.166405125183286,0.77173044789262,0.0618644269240941
"97",0.103449317173165,0.758620614753819,0.137930068073016
"98",0.142996443613902,0.756677970072673,0.100325586297483
"99",0.0827086928014923,0.875642330442681,0.0416489729388892
"100",0.0803950833043445,0.755648273619676,0.163956643075979
"101",0.177070596102417,0.692181705319697,0.130747698577886
"102",0.147625849341599,0.775544239858453,0.0768299107999473
"103",0.0928805399196721,0.907119460080328,0
"104",0.142547417438199,0.714905022574655,0.142547559985687
"105",0.0578423465885332,0.826464651439904,0.115693001885313
"106",0.058643535167341,0.824069063808047,0.117287401019012
"107",0.10097307864326,0.899026879380636,4.19761034627539e-08
"108",0.0377848429285636,0.808263437170877,0.153951719186943
"109",0.129904400607829,0.796421684516173,0.0736739148759982
"110",0.0862012915322327,0.852535764295006,0.0612629441727615
"111",0.0769542293825164,0.923045769942614,0
"112",0.0764616920507141,0.883887558167686,0.0396507497815996
"113",0,0.765416045930628,0.234583954064446
"114",0.231472373710993,0.652790029687867,0.115737596595644
"115",0.104896099078224,0.814234434540486,0.0808694663043091
"116",0.09593539138653,0.841659012135103,0.0624055964783671
"117",0.151396974890009,0.781758101750599,0.0668449233593918
"118",0.073665992214386,0.810294901511379,0.116039106274235
"119",0.0943015596803325,0.860779805570404,0.0449186344163961
"120",0.122501253286868,0.811611080764424,0.065887665948707
"121",0.139279122519755,0.819734080280623,0.0409867971996212
"122",0.146319980035263,0.74203014396866,0.111649875996077
"123",0.0898183120498505,0.740865335191765,0.169316352758385
"124",0.114190614604908,0.761275343177014,0.124534042218078
"125",0.14837129054888,0.811827478027477,0.0398012314236431
"126",0.125927291350002,0.836013438415082,0.0380592702349154
"127",0,1,0
"128",0.0550878903730284,0.944912108755645,0
"129",0.156097319350283,0.651359459355367,0.192543221294349
"130",0.160232936843026,0.758686472066287,0.0810805910906871
"131",0,0.945752243552589,0.0542477564474113
"132",0.127328437588102,0.796146226764209,0.0765253356475633
"133",0.207639272972434,0.711383958149003,0.0809767688785636
"134",0.0481660519868165,0.818811957430171,0.133021990583013
"135",0.184712838767281,0.815287161232719,8.12926422253666e-57
"136",0.0992572635590853,0.740388539188703,0.160354197252211
"137",0.133308632031212,0.76652244590097,0.100168922065169
"138",0.205945749878607,0.794054250121393,0
"139",0.0665571578833193,0.767641705913613,0.165801136203068
"140",0.186383059769266,0.707468437387178,0.106148495749043
"141",0.0193095466070103,0.828389634249458,0.152300815806966
"142",0.087535640186393,0.912464359716261,0
"143",0.0362728255930338,0.917317687693235,0.0464094849177431
"144",0.0345212878812302,0.793986273871366,0.171492438247404
"145",0,0.853209284348827,0.146790715509842
"146",0.107147098617123,0.749998827941632,0.142854073441235
"147",0.133925592269258,0.799112202167875,0.0669622055628671
"148",0.158081326805562,0.751604028345408,0.0903146448490292
"149",0.157625874128494,0.730876383836209,0.111497742035297
"150",0.0387227574033784,0.887835496199243,0.073441742567596
"151",0,0.810308350747716,0.189691649252284
"152",0,0.830309171245126,0.169690828754874
"153",0.204006798220711,0.714272339796197,0.0817208619830913
"154",0.0523599692251373,0.895279852078758,0.0523601786654331
"155",0.119781052672611,0.660241393039889,0.2199775542875
"156",0.117891536851557,0.882108463148443,0
"157",0,0.99999999992026,0
"158",0.0706934104590763,0.862776230004,0.066530358634165
"159",0.112516616744001,0.821983987655301,0.0654993956006988
"160",0.0559417970862154,0.888101299503093,0.0559569034106908
"161",0.0201215924559202,0.979878407520435,1.4213875280427e-12
"162",0.0729996198766081,0.680728966791371,0.246271413332021
"163",0.0726179248732539,0.809706462844522,0.117675612282224
"164",0.0851279624771659,0.808892125667065,0.105979911855768
"165",0.120000809934583,0.719998761747965,0.160000428317421
"166",0.112404614630373,0.887595385369627,0
"167",0.211465380630975,0.680849511529764,0.10768510783926
"168",0.0800337937779972,0.74480986251388,0.175156343708122
"169",0.153331858421247,0.672937583579492,0.173730557999261
"170",0.0857090190975062,0.683015846357467,0.231275134545027
"171",0.126496712590357,0.69755566739898,0.175947617060941
"172",0.134880939111904,0.823467807696134,0.0416512531919618
"173",0.111703765055156,0.739349253654426,0.148946981290417
"174",0.151822440597751,0.794738940550175,0.0534386188520743
"175",0.195411086051004,0.804588907577164,0
"176",0.0658181126822784,0.751538222251761,0.182643665065961
"177",0,0.923629181079118,0.0763708189208822
"178",0.148152894761133,0.777804193520352,0.0740429117185151
"179",0.0667661362363024,0.799701081271584,0.133532782492088
"180",0.0726217408250098,0.78213654666113,0.14524171251386
"181",0.121257555597791,0.764704773298718,0.114037671103491
"182",0.0547318607339358,0.893008414000714,0.0522597252653502
"183",0.019789823249728,0.921281677522149,0.0589284990385784
"184",0.0714296758414623,0.892855194067025,0.0357151300892988
"185",0.0694778575168885,0.861761116243143,0.0687610262103664
"186",0.08659773372606,0.697033620620062,0.216368645653878
"187",0.0386810748508567,0.893753900758594,0.0675650243905493
"188",0.114522017470283,0.723323885908686,0.162154096621031
"189",0.0810096704436332,0.813394747296217,0.105595582260133
"190",0.187882286533273,0.780651346838214,0.0314663471803188
"191",0.165753337191101,0.745889721408549,0.0883569414003495
"192",0.213792845136441,0.712640818641535,0.0735663362220248
"193",0.10344410986874,0.795794881105532,0.100761009025728
"194",0.246298720174082,0.753701279825918,0
"195",0.0474615849420731,0.857649618275591,0.0948887967823362
"196",0.0446636601237935,0.827974368804491,0.127361971071716
"197",0.121018592942596,0.732442027544121,0.146539379513284
"198",0.0346607716086647,0.831842022727646,0.13349720566369
"199",0.129475199603722,0.604510690007841,0.266014110388437
"200",0.0991597492924219,0.793276771359634,0.107563479347944
"201",0.133017366757008,0.784413023105547,0.0825696101374446
"202",0.0788148765820895,0.729516341125551,0.191668778083851
"203",0.0834398692185354,0.836328303323354,0.0802318239338004
"204",1.23167301236902e-26,1,2.96395950739841e-22
"205",2.88731264907284e-59,0.710359359860786,0.289640640139214
"206",0,0.899388633678584,0.100611366321415
"207",0.0413812375218583,0.87024743403552,0.088371328442622
"208",6.58046114446137e-16,0.904162062230661,0.0958379377693382
"209",0.0487343611639861,0.951265638836014,0
"210",0.161048523343231,0.62422614014877,0.214725336506377
"211",0.0498791400552977,0.84820884113327,0.101912018811432
"212",0.100220112387484,0.669127008866915,0.23065287874559
"213",0.184674447500592,0.676849897822386,0.138475654677022
"214",0.126087800044063,0.780290659010451,0.0936215404507348
"215",0.172477714355562,0.784127814674133,0.0433944709698986
"216",0.0609414150105543,0.874309990538535,0.0647485944508595
"217",0.0701189963377811,0.887025514165094,0.0428554894971246
"218",0.0643898170234879,0.871604268047521,0.0640059149289908
"219",0,0.940284450988135,0.0597155488909463
"220",0.222109435781499,0.693887757266429,0.0840028069520722
"221",0.0497889048637184,0.950211095126674,0
"222",0.132129922590515,0.614446400462186,0.253423676947298
"223",0.0458118249837437,0.906655219701941,0.047532954299358
"224",0.083739014861921,0.753647684050554,0.162613301087525
"225",0.0454546512236542,0.954545348776346,0
"226",0.156457666675287,0.635015541191776,0.208526779723279
"227",0.0484098628518133,0.854729949828744,0.0968601873194424
"228",0.0594441694863408,0.881115346440002,0.059440484062082
"229",0.0433863112544847,0.912148661181371,0.0444650275514151
"230",0.0411169902067948,0.87665052440501,0.0822324853673696
"231",0.10986420239823,0.782352244361822,0.107783553239948
"232",0.0947566185140265,0.718038862705159,0.187204517166211
"233",0.0907185872434683,0.773222051832259,0.136059360822667
"234",0.117667116426151,0.852916446843684,0.0294164367301651
"235",0.112093866269599,0.780985522069857,0.106920611660543
"236",0.100350757261263,0.866200686580084,0.033448556156579
"237",0.0703083081217495,0.81745836580657,0.11223332607168
"238",0.146163751933235,0.672039811304899,0.181796436761866
"239",0.138558364337171,0.631976139841284,0.229465488209026
"240",0.0695819584620456,0.763823938972319,0.166594100216304
"241",0.201684972914382,0.72247797856337,0.0758370485222477
"242",0.0829777851973737,0.875532194497281,0.0414900203053453
"243",0.259586812904983,0.632379814403654,0.108033372691364
"244",0.128388843026311,0.776582975456181,0.0950281815175081
"245",0.0915904947423723,0.813346727000907,0.0950627782567202
"246",0.145005839156982,0.773833714729597,0.0811604461134219
"247",0.178432840495536,0.750186833394356,0.0713803261101084
"248",0.0880083137325058,0.786173325677958,0.125818360589536
"249",0.086963332287405,0.695647844575816,0.217388823136779
"250",0.117654072639714,0.823575914987802,0.058770012372369
"251",0.150195424910805,0.749670876501812,0.100133698586647
"252",5.8413159303754e-13,0.860746617122858,0.139253382876558
"253",0.0803108413525637,0.840068656525991,0.0796205019964994
"254",0.197987694607702,0.729569679590147,0.0724426258021506
"255",0.0956225348013067,0.701228300239963,0.203149164958729
"256",0.138080299262304,0.72716644178912,0.134753258948576
"257",0.0788371396223436,0.844398213977672,0.0767646463999847
"258",0.0617984811315907,0.813257499540983,0.124944018751919
"259",0.161670869016538,0.757492469324474,0.0808366616447422
"260",0.114999229835858,0.771414182695206,0.113586587468936
"261",0.0561958874655098,0.894130356739718,0.0496737476600532
"262",0.113677795323475,0.849393096117925,0.0369291085585999
"263",0.121890618607454,0.83747806623298,0.0406313149618253
"264",0.0817788052372091,0.754663613820322,0.163557580942468
"265",0.133536731242743,0.801223216387915,0.0652400523641495
"266",0,0.841781688073078,0.158218296487313
"267",0.153393985679046,0.796434332897848,0.0501716778574714
"268",0.117651628506906,0.882348371493094,0
"269",0.0249173025213093,0.864438741455909,0.110643956022782
"270",0.066424638217099,0.796110539677052,0.137464822105849
"271",0.115200191881837,0.884799808116345,0
"272",0.166420308886469,0.778105850488562,0.055473840624429
"273",0.173038652390392,0.656397790921214,0.170563556688391
"274",0.152656849075259,0.804627619572144,0.0427155313525913
"275",0.0956986810780799,0.865809161526596,0.0384921573953246
"276",0.0959239320430979,0.904076067956902,7.59667312497013e-17
"277",0.141981924274698,0.787193237918475,0.0708248378068264
"278",0.113302564067116,0.823811546917803,0.0628858890150813
"279",0.0927330445033699,0.772769547093538,0.134497401101128
"280",0.120622597434994,0.718413739413164,0.160963662672317
"281",0.090745179180968,0.727733092479195,0.181521726134446
"282",0.249312141248733,0.700825335134945,0.049862523608446
"283",0.0422627874199209,0.873209032568431,0.0845281799108718
"284",0,0.908867928422885,0.0911320715769629
"285",0.0950744679870984,0.761430924228186,0.143494607784716
"286",0.173019373999765,0.782474689860888,0.0445059361393462
"287",0.0429814967366965,0.891017185029372,0.066001318205356
"288",0.0282839811401784,0.738055191430209,0.233660827076314
"289",0.11881570810219,0.766047073318067,0.115137218484078
"290",0.134868463776127,0.820175187768,0.0449563473944824
"291",0,0.841924157196777,0.158075842803223
"292",0,0.868806830759261,0.131193169240739
"293",0.0346545640297914,0.896905436907139,0.0684399990397429
"294",0.107369228522695,0.703877706139406,0.188753065337899
"295",0.0526295552150671,0.894691394467106,0.052679050255994
"296",0.0972945713499108,0.870500379118315,0.0322050474936237
"297",0,0.827094392105631,0.172905607894369
"298",0.0787956347192479,0.880735715358569,0.0404686499221829
"299",0.143043036225154,0.662205239673635,0.194751724101211
"300",0.0400351875828085,0.877259423926921,0.0827053884902706
"301",0,0.999999998935874,0
"302",0,0.800428077857491,0.199571921847674
"303",0.16376115101866,0.727065063949497,0.109173784959873
"304",0.0856972202315538,0.771262196505267,0.143040583263179
"305",0.0402798370005553,0.866713975686896,0.0930061873125484
"306",0.0438845017873022,0.782255351189481,0.173860147023217
"307",0.0506278865397847,0.898744277529395,0.0506278359119236
"308",0.0722391186472915,0.890757040699612,0.0370038406530967
"309",0.173024284260835,0.723378758812779,0.103596956926385
"310",0.229067539312383,0.656443673287158,0.114488787400459
"311",0.0269699427725553,0.884939264754345,0.0880907924730996
"312",1.63667552040024e-17,0.848213828978701,0.151786171021299
"313",0.0864193478317482,0.783758223172748,0.129822428743728
"314",0.0639189346672297,0.759623286444225,0.176457778888545
"315",0.150156753955146,0.750783835518788,0.0990594103613562
"316",0.110738432286513,0.794498386064718,0.0947631816487693
"317",0.166327775655698,0.708926882545408,0.124745341797466
"318",0.100317318105516,0.749207021954386,0.150475659938973
"319",0.0838208083812366,0.832964718645639,0.0832144729731248
"320",0.0293340353396713,0.867046369073954,0.103619595486064
"321",0.148628220743707,0.693584463241774,0.157787316014519
"322",0.107776651908956,0.842261931073269,0.0499614170177746
"323",0.0864596084836398,0.654185762035084,0.25935462947438
"324",0.107222221506424,0.839166818893464,0.0536109596001123
"325",2.65466414484258e-71,0.888086212101395,0.111913787898605
"326",0,0.849703824967453,0.150296175032547
"327",0.117882177788211,0.88211782217622,0
"328",0.125160851720101,0.79139857142659,0.083440576834008
"329",0.181773319528451,0.818226680471549,0
"330",0.0199570059029611,0.942956596723442,0.037086397373597
"331",0.217945397677911,0.782054602322089,0
"332",0.0786338024108306,0.814330793036955,0.1070354045209
"333",0.043671637820889,0.912656768028558,0.043671594149273
"334",0.157391160489763,0.723994050546636,0.118614788955707
"335",0.247294761638887,0.604329145320225,0.148376059276772
"336",0.172539759310219,0.749999619103223,0.0774606215865578
"337",0.249999889962539,0.624999892484949,0.12500021755144
"338",0.210549675778486,0.736922414594912,0.0525279082845405
"339",0.0913453487481502,0.828724162632988,0.0799304886188617
"340",0.336138300498566,0.577994691227271,0.0858670082741584
"341",0.195848709370131,0.763386510756781,0.0407647798730879
"342",2.74743504874463e-19,1,1.6396836466606e-25
"343",0.11475697821677,0.774633225132731,0.110609796314535
"344",0.20030007222995,0.666291727078699,0.133408200323223
"345",0.0999764742781152,0.900023524298284,0
"346",0.0526609437918585,0.842079203956323,0.105259852251816
"347",0,0.809188520546858,0.190811478873924
"348",0.0456562192417653,0.868206713290075,0.0861370674681593
"349",0.0774508460786582,0.793706297953699,0.128842855967643
"350",0.0503848476889628,0.806233569335627,0.14338158297541
"351",0.198586065538743,0.801413934461257,0
"352",0.0588682590321433,0.842552562927679,0.0985791766864268
"353",0.073933825080255,0.77789568751644,0.148170470325836
"354",0.191819282784927,0.808180717101719,0
"355",0.121929279766429,0.794495405129696,0.0835753151038749
"356",0.0509846123130366,0.745079458089252,0.203935928360106
"357",0.0502186399001786,0.844247983312926,0.105533376786895
"358",0.0624241534370533,0.874018266037189,0.0635575805154562
"359",0.0951732999243764,0.759364910215009,0.145461789860614
"360",0.142721348544244,0.714462932914277,0.142815718541479
"361",0.151427097113841,0.757542242846567,0.0910306535472731
"362",0.139894123717864,0.770951816919752,0.0891540593623841
"363",0.0569254144996199,0.886285287261184,0.0567892980537033
"364",0.120975679851335,0.762190506089077,0.116833814059588
"365",0.0674476130669698,0.90085579408908,0.03169659284395
"366",0.210575418022059,0.650111488756318,0.139313093221624
"367",0.195489868267025,0.804510126248057,0
"368",0.0804406826045847,0.798897818419103,0.120661493507445
"369",0.181678607575641,0.674357397421578,0.143963995002781
"370",0.192455229946966,0.714257509566771,0.093287260486263
"371",0.0353028677319504,0.96469713226805,0
"372",0.0434811142416195,0.830739849312317,0.125779036446063
"373",0.0588174284418292,0.76439847173047,0.176784099827701
"374",0.0870893981179636,0.825860733376842,0.087049868505119
"375",0.155557312558636,0.693013329313223,0.151429358128141
"376",0.148147893664336,0.812914596220369,0.0389375101152948
"377",0.123799131884875,0.757876427531314,0.11832444058381
"378",0.0762458811431053,0.834592345147095,0.0891617732063461
"379",0.0404579895847085,0.806153476235985,0.153388534179307
"380",0.0887827474647923,0.911217252535208,0
"381",0.0376454553761823,0.774128004045942,0.188226540455535
"382",0.114479070567302,0.80161225347179,0.0839086759609079
"383",0.215090407857559,0.629155498396585,0.155754093745856
"384",0.182626465232021,0.62587639104745,0.191497143720529
"385",0.0762816261119567,0.688208674686828,0.235509699201216
"386",0.170874806299887,0.829125193700113,0
"387",0.148125418420211,0.777656831819508,0.0742177497602151
"388",0.0397515351559694,0.796580714454265,0.163667750389766
"389",0,0.81174823588635,0.18825176411365
"390",0.048985721705982,0.800465842957457,0.150548435336561
"391",0.0276023550157589,0.731488204862952,0.240909440121289
"392",0,0.656343123779099,0.343656876220901
"393",0.0781312558618626,0.758943382599375,0.162925359684075
"394",0.151067418872335,0.79857686101231,0.0503557201153548
"395",0.172795541468126,0.792685901563398,0.0345185566845172
"396",0,0.958710384333451,0.0412896156665494
"397",0.0975609922635316,0.807972274422559,0.0944667333139093
"398",0.0634464136757757,0.800823577908752,0.135730007085201
"399",0.129071842926729,0.738898948883166,0.132029208054713
"400",0,0.876162244617312,0.123837755382688
"401",0.0897655221401542,0.860988339231879,0.0492461386279664
"402",0.0867998008100969,0.869803502418169,0.0433966967669489
"403",0.086227177592871,0.698269696829786,0.215503125577343
"404",0.0892115611674908,0.910788438832509,5.87966672844354e-40
"405",0.074496317676232,0.813758547248889,0.111745134902656
"406",0.0869068143929751,0.782734412064961,0.130358773542064
"407",0.0193201065681094,0.961328656438939,0.0193512369929521
"408",0.149304009920537,0.671307002622819,0.179388987456644
"409",0.16029039295581,0.839709607042237,0
"410",0,0.900083437081183,0.0999165629188168
"411",0.179535575881381,0.785149686163606,0.0353147379550127
"412",0,0.877983337244136,0.122016662755864
"413",0.136837804534188,0.683214124261304,0.179948071201903
"414",0.225704854112754,0.677564797682527,0.0967303480662937
"415",0.106699620454473,0.843363110373738,0.0499372691717888
"416",0.0916437191025554,0.83455482635969,0.0738014545377547
"417",0.0427426777917791,0.871771981830417,0.0854853401483285
"418",0.10094408449966,0.757079104035575,0.141976811464764
"419",0.0834162546757168,0.833167073566251,0.0834166717580324
"420",0.0304462422927303,0.818433854701474,0.151119902909339
"421",0.0788330014487295,0.802914079867526,0.118252918674275
"422",0.116299938081411,0.844844449618831,0.0388556122997584
"423",0.0728520600583199,0.767271572936637,0.159876367005044
"424",0,0.899970514176337,0.100029485823539
"425",0.10000041299489,0.849999121477928,0.0500004655271824
"426",0.0606716692348456,0.81214496692606,0.127183363839095
"427",0.104736906958381,0.841285902618717,0.053977190422902
"428",0.0438393025965369,0.866360180218687,0.089800517184776
"429",0.114984136698861,0.811001721741824,0.0740141415593147
"430",0.059051309763396,0.884962014820379,0.0559866753911812
"431",0.0783874966214915,0.875203501770889,0.0464090012450827
"432",0.165373037046993,0.723632562106897,0.110994400340439
"433",0.131126481701541,0.768605140750872,0.100268377547587
"434",0.0578305589948298,0.884338880621241,0.0578305589948298
"435",0.231730978279312,0.501878030207002,0.266390991513686
"436",0.139550603591323,0.721870157340949,0.138579239065266
"437",0.185957866778628,0.814042133205333,0
"438",0.141574743671775,0.787637376197546,0.0707878801306793
"439",0.134212031879194,0.821408768757984,0.0443791993628229
"440",0,0.959525626368375,0.0404743735964065
"441",0.0869712504698185,0.816027136293352,0.0970016132368294
"442",0.173913706941523,0.826086293058477,0
"443",0.146144015511062,0.853855984488938,0
"444",0.0326366575028776,0.904227619260826,0.063135683694206
"445",0.0503245427211878,0.734298693323939,0.215376763954873
"446",0.157036702337045,0.771304741916961,0.0716585552771818
"447",0.107928768088794,0.788869931403297,0.103201300507909
"448",0.136935026447733,0.764530984633103,0.0985339889191633
"449",0.0403249717893522,0.91934634635323,0.0403286818574174
"450",0.087437421939615,0.738568135452567,0.173994442607818
"451",0.0454475015625703,0.718689092744838,0.235863405684993
"452",0.0397417100275913,0.875424810788163,0.0848334791842461
"453",1.29896341299991e-54,0.952865565416975,0.0471344345830249
"454",0.0356423100212416,0.784130464975168,0.180227225003524
"455",0.0845759552620048,0.829725571568446,0.0856984731695496
"456",0.075457930548004,0.84199181195022,0.0825502574989653
"457",0.0928862396019765,0.73311128695376,0.174002473444261
"458",0.0856360868574504,0.802312168566459,0.11205174457609
"459",0.0622313710541042,0.750225801873292,0.187542827072604
"460",0.0384180780304878,0.884746471295764,0.076835450665277
"461",0.081537278273274,0.918462721726726,0
"462",0.107226430635587,0.805307162275103,0.0874664046415716
"463",0.0615753000845038,0.813308761160042,0.125115938755454
"464",0.0832940223262056,0.916705977673794,0
"465",0.0476031021756126,0.790430655813257,0.16196624201113
"466",0.0882339477420789,0.823524074861254,0.0882419773966669
"467",0.090628986379813,0.622615466721207,0.28675554689898
"468",0.0829540114551839,0.791386424784036,0.12565956376078
"469",0.0739763659934627,0.742064126824863,0.183959507181675
"470",0.207427521411813,0.618156699422013,0.174415779166174
"471",0.13793119054412,0.758620719397506,0.103448090058375
"472",0.149507644908634,0.697698825835179,0.152793529256188
"473",0,0.904564501217369,0.0954354987706617
"474",0,0.77903471488129,0.22096528511871
"475",0.149408931321511,0.750970261301417,0.0996208073770715
"476",0.0510226642586312,0.843539670106177,0.105437665635167
"477",0.0449009815957313,0.869448981441198,0.0856500369630711
"478",0.186898691366077,0.813101308633923,0
"479",0.154293624654801,0.794234248200827,0.0514721271443729
"480",0.0329720357100244,0.838588230125824,0.128439734164152
"481",0.0945463768541942,0.858180520729363,0.0472731024164425
"482",0.111747194385986,0.813756455903152,0.074496349710666
"483",0.054805587762754,0.780782135602251,0.164412276634995
"484",0.0414155941348778,0.875778740621374,0.0828056652408263
"485",0,0.914313639177424,0.0856863608225762
"486",0.0401799924519176,0.839279823840883,0.120540183639836
"487",0.0151454063420392,0.916933796800379,0.0679207968575814
"488",0.208888084058032,0.68830952349644,0.102802392445528
"489",0.0632505943814333,0.781733996615927,0.15501540900264
"490",0.175401725560707,0.70963014924159,0.114968125197703
"491",0.251482237756992,0.685685015928256,0.0628327454426011
"492",0.128560530239467,0.828585347356753,0.0428541224037801
"493",0,0.955144181826046,0.0448558181540436
"494",0,0.767869485150005,0.232130514849995
"495",0.123037248158382,0.737273660493498,0.139689086199201
"496",0.0809401895824275,0.75142355568014,0.167636254737405
"497",0.123379865360937,0.730066723868983,0.146553409579464
"498",0.076168479192978,0.923831520807008,0
"499",0.144588816887784,0.746967717854294,0.108443464045846
"500",0.22172091023718,0.727816844915234,0.0504622448475855
"501",0.297674393078795,0.585272908357795,0.11705269856341
"502",0.117601305053113,0.706009104140588,0.176389590805658
"503",0,0.866427380319515,0.133572619680485
"504",0.154503279747702,0.77251723890146,0.0729794813508376
"505",0.133153701619086,0.687970605352429,0.178875693028481
"506",0.0540192656223016,0.812585186572279,0.133395547214139
"507",0.116597933300243,0.766804246465863,0.116597816702368
"508",0.0782702850554295,0.921729714944571,0
"509",0.133375341131289,0.7999204356657,0.0667042232030034
"510",0.0951823388946073,0.859661243529002,0.0451564175763906
"511",0,0.911326973095169,0.0886730269043069
"512",0.0816647306643955,0.773334910512019,0.145000358589038
"513",0.092655164226481,0.811888235976847,0.0954565996501205
"514",0.175027009242091,0.737458857738639,0.0875141330192701
"515",0,0.815301316649744,0.184698683350255
"516",0.12598802831191,0.724576168717402,0.149435802970688
"517",0.0972825475538771,0.902717452446123,0
"518",0.0867599045567663,0.864994013306251,0.0482460802370546
"519",0.133869480841469,0.673648392342063,0.192482126816468
"520",0.14757291417708,0.816978180003495,0.0354489058194255
"521",0.127872938145071,0.751016107913589,0.12111095394134
"522",0.165859834500384,0.731840841880652,0.102299323618963
"523",0.061644417503845,0.815949669944484,0.122405912551671
"524",0.11192397725108,0.70152032046025,0.18655570228867
"525",0.0180188443245474,0.981981154457909,1.20825198565395e-09
"526",0.0970344619293391,0.840969331859565,0.0619962062110962
"527",0.106762880947341,0.826651587536619,0.0665855315160398
"528",0,0.877930191497478,0.122069808502522
"529",0.0364418950823856,0.92652319138949,0.0370349135281241
"530",0.0196439410638107,0.962947552751441,0.0174085061847486
"531",0.155057209720857,0.710496586948483,0.134446203330659
"532",0.184215744047195,0.631586932556072,0.184197323393838
"533",0.0641620701051695,0.817111228157553,0.118726701737278
"534",0.252766204393638,0.690734115958652,0.0564996796477103
"535",0.147685786023018,0.754314167840635,0.0980000461363469
"536",0.0949177604895278,0.814562237984205,0.0905200015262672
"537",0,0.737688103783872,0.262311862732766
"538",0.164815937857068,0.79398162852131,0.0412024336216218
"539",0.120890998976664,0.743298939286599,0.135810061736737
"540",0.135736428327256,0.722245405767912,0.142018165904831
"541",0.208330554472807,0.708334912747297,0.0833345327798549
"542",0.192333718429594,0.652474449171039,0.155191832399367
"543",0.14088850384889,0.82425819537026,0.034853300016198
"544",0.0427893667051438,0.871631401857479,0.0855792314320459
"545",0.148970472884365,0.816419338141096,0.0346101889745395
"546",0.0934957190277804,0.858793630684187,0.0477106502878806
"547",0,0.866979721418183,0.133020278581817
"548",0.120003021543066,0.799996155467365,0.0800008229895693
"549",0.231078510348135,0.64978693991831,0.119134549733555
"550",0.0416520982161901,0.833385020348923,0.124962881434887
"551",0.201328953115198,0.798671045298758,0
"552",0.0855840860433787,0.825698219571921,0.0887176943847005
"553",0.111382269647424,0.779681229066639,0.108936501285938
"554",0.11876447737556,0.653267275963348,0.227968246661092
"555",0.0718490963846442,0.826254664083627,0.101896239531729
"556",0.194860127573813,0.805139864213776,0
"557",0.0545355651769904,0.652975141817806,0.292489293005203
"558",0.19243961978461,0.769072652063635,0.0384877281475708
"559",0.0580532528172959,0.941946747182523,0
"560",0.151258356991612,0.67236365553475,0.176377987473638
"561",0.190402655798686,0.763284682232563,0.0463126467055517
"562",0.181862148582867,0.757516996470342,0.060620854935148
"563",0.180342366710546,0.751364646296063,0.0682929869753781
"564",0.248842959100406,0.52051151520075,0.230645525698844
"565",0.0912747746431258,0.8630878297933,0.0456373955618478
"566",0.13180995799544,0.684831739997781,0.18335830200678
"567",0.124303420286123,0.812585804786309,0.0631107749275679
"568",0.105912433955263,0.682267396476286,0.211820169568452
"569",0.0942357692475327,0.842940880384155,0.0628233503679795
"570",0.17062987725747,0.585982397183519,0.243387725559011
"571",0.0528155123953663,0.88418201691429,0.0630024706903436
"572",0.0406011336953904,0.757650342584746,0.201748523719863
"573",0.142857935009347,0.857142064990653,0
"574",0.197120400428821,0.762873108739586,0.0400064908315937
"575",0.0526336729391732,0.842104473948222,0.105261853112604
"576",0.213003303755935,0.733747288826693,0.0532494074155096
"577",0.0641666694574566,0.751875617908883,0.18395771263366
"578",0.0640332047756435,0.734051194484329,0.201915596997304
"579",0.134034249783699,0.821728758158982,0.0442369920246388
"580",0.155424777066524,0.734413238781284,0.110161984152191
"581",0.0869545572995954,0.913045442700405,0
"582",0.0904222594914727,0.909577740508527,0
"583",0.0826952398186857,0.810589726966421,0.106715033214893
"584",1.02100907136533e-08,0.906751705412165,0.0932482842562319
"585",0.129039008224415,0.775394357241621,0.0955666345339639
"586",0.0536628894246737,0.816374903851711,0.129962206693691
"587",0.0746115103369114,0.852357286576235,0.073031203086854
"588",0.0446966167153744,0.910606453590965,0.0446969295927864
"589",0.087191949820749,0.825617844180061,0.0871902059991904
"590",0,1,0
"591",0.103190578706177,0.763321692125535,0.133487729168288
"592",0,0.877870485925485,0.122129514074515
"593",0.113114116638908,0.664698923078872,0.222186960282221
"594",0.268946336696719,0.731053663303281,0
"595",0.0818264131174352,0.713607499239306,0.204566087643036
"596",0.0414792718337875,0.769028345145479,0.189492383020734
"597",0.0800259781719103,0.79993566774069,0.1200383540874
"598",0.0752915209839523,0.924708474680645,2.29701690503627e-09
"599",0.170980523000052,0.829019476999948,0
"600",0,0.880004312141801,0.119995687858199
"601",0.156920359749512,0.627651712006117,0.215427928244371
"602",0.119198512270979,0.880801486964937,7.43858337822968e-10
"603",0.0573075072426703,0.880606285981788,0.0620861931437024
"604",0.217674829492781,0.724261374257347,0.058063796249872
"605",0,0.904590482661008,0.0954095173389925
"606",0.125917611846428,0.805084160249568,0.068998227706048
"607",0.105447327442503,0.825989087598218,0.0685635849592793
"608",0.0804514249975221,0.838401066905819,0.081147508096659
"609",0,0.820246730460773,0.179753269539227
"610",0.0496353558743957,0.850694776600473,0.0996698675251312
"611",0.086177045453755,0.913822954065175,0
"612",0.141762362121457,0.753261277388033,0.104976356597368
"613",0.126826679649482,0.791232160474877,0.0819411598756419
"614",0.151198989151083,0.848801010848917,0
"615",0.11656486208213,0.88343513791787,0
"616",0,0.895752848534348,0.104247151465652
"617",7.93189578368942e-17,0.737276336692793,0.262723663307207
"618",2.27414516780946e-29,0.82222889184986,0.17777110815014
"619",0.146965458778594,0.741477327719636,0.11155721350177
"620",0.141124635515641,0.751328850763607,0.107546513720752
"621",0,0.863295337056705,0.136704662943295
"622",0,0.847742013701192,0.152257986298808
"623",0.13551465023751,0.796959414222081,0.0675259355404094
"624",0.120761840785921,0.754245829027743,0.124992326580745
"625",0.0567525337239484,0.887762544581776,0.0554849216846626
"626",0.126046882252077,0.816260806014658,0.0576923117332642
"627",0.226087941470533,0.724552371197521,0.0493596873319468
"628",0.0899768243246777,0.877860001797695,0.0321631738776274
"629",0.0829784528150744,0.917021547184925,2.37547177218888e-133
"630",0,0.739457339904714,0.260542655557532
"631",0.215897217294833,0.52252480091386,0.261577981791307
"632",0.091319352785651,0.771706837948073,0.136973809266276
"633",0.096583973178529,0.820999760987754,0.0824162658337169
"634",0.0361989069789145,0.832568020167069,0.131233072854016
"635",0.0832064331765019,0.871769162247769,0.0450244045757287
"636",0,0.792064517715442,0.207935482284063
"637",0,0.959851364546111,0.0401486350630893
"638",0.222334054095474,0.606377663499307,0.171288282405175
"639",0.0425684351642119,0.872295305820977,0.0851362590002177
"640",0.104050330071756,0.772625708572375,0.123323961355869
"641",0.066838733882752,0.855753836874366,0.0774074292428821
"642",0,0.954249043907757,0.0457509560922431
"643",0.0526733128472767,0.684647378426516,0.262679308726207
"644",0.100310840000775,0.803616981828717,0.0960721781705074
"645",0,0.820617690165459,0.179382309834541
"646",0.114379036448914,0.850221423953771,0.0353995395973151
"647",0.0358612769723011,0.856557181604322,0.107581540624812
"648",0.198016459503471,0.701541569668067,0.100441970828462
"649",0.1184455997934,0.842071377220578,0.0394830229860218
"650",0.045903512926252,0.908299026276326,0.0457974607974218
"651",0.0989370015094603,0.747853646588601,0.153209351901938
"652",0.0466330479931379,0.857764403838661,0.0956025481682015
"653",0,0.9209794660245,0.0790205338387151
"654",0.130812045154397,0.779951332198421,0.0892366226471818
"655",0.163128814048817,0.836871185951183,0
"656",0.0768357145825366,0.810488835042299,0.112675450375165
"657",0.0400006909612053,0.920018453500715,0.0399808555380802
"658",0.0927461510293698,0.78198550321937,0.125268345749761
"659",0.189665443916078,0.712458524056409,0.0978760320275133
"660",0,0.861285717846228,0.138714282153772
"661",0.0556699407384997,0.674221935373453,0.270108123888048
"662",0.0869504564441535,0.869569698864606,0.0434798446912384
"663",0.0434645081554367,0.869604665228423,0.0869308261431573
"664",0.0871880655819976,0.871353246525434,0.0414586878925681
"665",0,0.80538998804779,0.19461001195221
"666",0.0356319282003482,0.821841123104367,0.142526948695285
"667",0.115382300645381,0.730775258344641,0.153842441009976
"668",0.154627459151615,0.803293165053073,0.0420793757953115
"669",0.0692364889439818,0.82700688522223,0.103756625833788
"670",0.0786381825159827,0.806422149539743,0.114939667944275
"671",0.0691202972470394,0.859518565497388,0.0713611372493955
"672",0.126830525264136,0.777604273239702,0.09556520109917
"673",0.129102038053485,0.829475094407466,0.0414228675390494
"674",0.0926687662810609,0.768329350082759,0.139001883371637
"675",0.0835328406464115,0.786757332342998,0.12970982701059
"676",0.0472556223572286,0.952744377642771,3.73030547264134e-19
"677",0.180230478522574,0.711621001245264,0.108148520049651
"678",0.0492639856904663,0.809585429098125,0.141150585211409
"679",0.0787166474252456,0.685091676240509,0.236191676333894
"680",0.0594420094838945,0.810637687756123,0.129920302759983
"681",0.0924459734069384,0.783113313478075,0.124440713114987
"682",0,0.818286909079187,0.181713090920813
"683",0.133826060707398,0.740663126877023,0.125510811506826
"684",0,0.847701995885704,0.152298003997032
"685",0.147191003128166,0.799989885428517,0.0528191114432702
"686",0.0629338727319623,0.750893278614183,0.186172848641645
"687",0.0368174877030197,0.74914229213324,0.214040220071071
"688",0.103421910783218,0.860592273866893,0.0359858153498883
"689",0,0.785808054073063,0.214191945926937
"690",0.0942007489832092,0.749628786404036,0.156170464612754
"691",0.159895661724124,0.759591271754309,0.0805130665215674
"692",0.0850159919698331,0.811924519544995,0.103059488485172
"693",0,0.943573587418839,0.0564264125130695
"694",0.0363133247061325,0.843116163041307,0.12057051225256
"695",0,0.962076171750241,0.0379238282459655
