"A","B","C"
"1",0.999999997070715,2.92926000765619e-09,0
"2",0.740083502556181,0.194937895091191,0.0649786023526279
"3",0.94150343709511,0,0.0584965629048898
"4",1,1.52718671870657e-186,0
"5",0.833333345494795,0,0.166666654504643
"6",0.756611872066258,0,0.243388127933742
"7",0.999999999674838,0,0
"8",0.999999999998043,0,0
"9",0.904711984931628,0.0476754525745919,0.0476125624937801
"10",0.805353624461129,0.0612504665173735,0.133395909021497
"11",0.999999999645936,0,0
"12",0.607860993575194,0.225138603215902,0.167000403208905
"13",0.999999999955642,0,0
"14",0.944113629137327,0,0.0558863703680198
"15",0.477271843723746,0.401110612750676,0.121617543525578
"16",0.838647361419884,0.0813821783552048,0.0799704594744551
"17",0.711927405008179,0.218558332518834,0.0695142624729869
"18",0.903704862215285,0,0.0962951377847149
"19",0.928012183558806,0.0719878144926328,0
"20",0.90909098405005,0.0909090159499497,0
"21",0.572356044072696,0.236848631730509,0.190795324196795
"22",0.904869146941925,0,0.0951308530357821
"23",0.732931575844344,0.0890515441133176,0.178016875046707
"24",0.858266849877501,0.141733150097302,0
"25",0.795756092751826,0.102123485453392,0.102120421794782
"26",0.862596819195011,0.0784120329233595,0.0589911478816296
"27",0.680855031003034,0.234050383630372,0.0850945853665938
"28",0.769759152608594,0.169121548296828,0.0611192990945779
"29",0.66583704528361,0.0847963893821591,0.249366565334189
"30",0.999999999805362,0,0
"31",0.814595085221721,0.185404914778196,0
"32",0.724758400836641,0.0688107758975465,0.206430823081399
"33",0.92852562591546,0.0714743739865438,0
"34",0.789614694856809,0.0701277864449448,0.140257511156764
"35",0.697289794220403,0.163275686114391,0.139434519665206
"36",0.620646220139608,0.379353779860392,0
"37",0.857140595567593,0,0.142859404406486
"38",0.875649422031442,0,0.124350576664995
"39",0.912195773919939,0.0878042259843638,0
"40",0.901938720704784,1.18459924981438e-10,0.0980612791419439
"41",0.802932892168723,0.0985333568485311,0.0985337509827464
"42",0.916667027771635,0,0.0833329722283646
"43",0.572372449522481,0.213828419419451,0.213799126932572
"44",0.923079006934955,0,0.0769209928973325
"45",0.777777838434856,0.111111025227032,0.111111136338112
"46",0.749997320725258,0,0.250002679088207
"47",0.899853507236235,0.100146486622016,0
"48",0.806481832203896,0.134038271930847,0.0594798958508498
"49",0.917231929707445,0,0.0827680702924455
"50",0.772354667538006,0,0.227645332461374
"51",0.818664582039569,0,0.181335417960431
"52",0.999999999557284,0,0
"53",0.928623518534068,0.0713764799161346,0
"54",0.999999999999894,0,0
"55",0.685486973304308,0.314513026695691,0
"56",0.64304810662239,0.155359150617198,0.201592742760413
"57",0.855858549006889,0,0.144141450993112
"58",0.849763709837694,0.150236290162306,0
"59",1,0,0
"60",0.747052404291304,0,0.252947595705152
"61",0.999999999999997,0,0
"62",0.927871232104427,0.0721287678955726,0
"63",0.886742535306637,0.113257464691578,0
"64",0.929249717899281,0,0.0707502808126165
"65",0.529199691691633,0.235400389545225,0.235399918744917
"66",0.691757031587502,0.123718000171989,0.184524968240509
"67",0.662260550201199,0.0828861565847037,0.254853293214097
"68",0.712283653890085,0.141005263909202,0.146711081728969
"69",0.701450791276856,0.298549201747021,0
"70",0.833334178826882,0,0.166665821173118
"71",0.565069213736221,0.217465501864586,0.217465284399193
"72",0.853686693546545,0,0.146313306453455
"73",0.800055697335512,0.0619643578846323,0.137979944779846
"74",1,0,0
"75",0.718940053480348,0.281059946519652,0
"76",0.713013616905023,0.153193146133762,0.133793225955264
"77",0.940344660021659,0.0596553281231239,0
"78",0.833342486824304,0.0833311731215731,0.0833263400536924
"79",0.750567254317322,0.249432730035059,0
"80",0.822681270035502,0,0.177318729964498
"81",0.999999999626486,0,0
"82",0.83077080786847,0,0.169229190674551
"83",1,0,0
"84",0.767921959362963,0.129086679467485,0.102991361169528
"85",0.77792154099208,0.110941903459618,0.111136555178768
"86",0.849585187220469,0.0752074439934686,0.0752073687860619
"87",0.932181779344399,0.0678182164378101,0
"88",0.786568884472675,0.104316996049565,0.10911411947776
"89",0.805968676479564,0.12686682050895,0.0671645030015181
"90",0.840691206221522,0.159308793778478,0
"91",0.80041708174967,0.133058242247022,0.0665246758334075
"92",0.812864946281139,0.0891834048516301,0.0979516488672308
"93",0.861153167649369,0.068843952377984,0.0700028799726474
"94",0.999999999542992,0,0
"95",0.83119047502835,0,0.168809520294025
"96",0.887869280551921,0.0628158559930083,0.0493148634550705
"97",0.874816426646892,0.0625917866753557,0.0625917866753557
"98",0.872499300333231,0.12750069966677,0
"99",0.999999995767106,0,0
"100",0.745198996972589,0.0971582694606023,0.157642733566809
"101",0.800299121529962,0.138145787639604,0.0615550908304343
"102",0.841546126626083,0.0792264990556156,0.0792273705518985
"103",0.999999999855326,0,0
"104",0.875730012143741,0.0621360812117218,0.0621339064869375
"105",0.999999999393482,0,0
"106",0.790052994990516,0.209946980593754,0
"107",0.645423597384566,0.354576401349398,0
"108",0.61864952956073,0.264650192116626,0.116700278322645
"109",0.452597270128679,0.170235487933053,0.377167241938268
"110",0.787524826921697,0.0714225679012921,0.141052603666632
"111",0.915226687624303,0.0847733123684319,0
"112",0.940390934030072,0.0596090659687563,0
"113",0.750597021651491,0.125000522680314,0.124402455485049
"114",0.575127590061776,0.424872409938224,0
"115",0.752145323642724,0,0.247854667143183
"116",0.849247026227809,0.0775086160787409,0.0732443495292508
"117",0.71458508824779,0.204405359391358,0.0810095523608517
"118",0.849898831294446,0.0500229210004176,0.100078244035293
"119",0.919003565423917,0.080995127782177,1.2937109331908e-06
"120",0.881034683411275,0,0.118965316588725
"121",0.535287133214572,0.371769225616191,0.0929436411692372
"122",0.8047655737719,0,0.1952344262281
"123",0.742942695006076,0.0668244422282484,0.190232862765675
"124",0.715977272961062,0.0946743799749363,0.189348347064001
"125",0.630247561407797,0.369752438592032,0
"126",0.93072134015209,0,0.0692786598479099
"127",0.602062938177202,0.0969064411003217,0.301030620349616
"128",0.900005167921036,0,0.099994832078964
"129",0.840725890900359,1.52521138176904e-12,0.15927410909792
"130",0.75701567042477,0,0.24298432957523
"131",0.769230478232429,0.153846543713753,0.076922978053612
"132",0.815602748094812,0,0.18439725190489
"133",0.766686751064414,0.10996787854781,0.123345370387776
"134",0.686949748524026,0.103081830460345,0.209968421015629
"135",0.513483102394294,0.172638035469431,0.313878862136274
"136",0.72671715044308,0.27328284955692,0
"137",0.536350752054667,0.463649247945333,0
"138",0.881409923491515,0,0.118590076508485
"139",0.79940664312222,0.200593356408573,0
"140",0.875582005652734,0,0.124417993802698
"141",0.698267204212016,0,0.301732795787984
"142",0.804812233577802,0.195187766422198,0
"143",0.879017617040181,0,0.120982382959819
"144",0.699906571007657,0.300093428992343,1.40398953385572e-18
"145",0.763656892342149,0,0.236343107487249
"146",0.89999994803791,0,0.100000051960069
"147",0.880945039464732,0.119054960535268,0
"148",0.906121243952991,0,0.0938787560470088
"149",1,4.24036594750283e-18,0
"150",1,2.52320631697296e-37,0
"151",0.874353551803415,0.0628245433859981,0.0628219048105864
"152",0.759054108054211,0.116773722146986,0.124172169149015
"153",1,0,0
"154",0.842107133187862,0.05263341807939,0.105259448732504
"155",0.926748262537656,0.0732517374623443,0
"156",0.829291174639759,0,0.170708825360241
"157",0.79999194209901,0,0.200008057900906
"158",0.801893702849659,0.09905498093868,0.0990513159721877
"159",0.851589916965265,0.0742051157224089,0.0742049673123262
"160",0.59444766617409,0.253765264007572,0.151787069818338
"161",0.603493555653519,0.20369063795137,0.192815806395111
"162",1,0,0
"163",0.999999999999998,0,0
"164",0.408172222730431,0.202271165343374,0.389556611926195
"165",0.685761898762106,0.104746116185296,0.209491985052599
"166",0.74192289800858,0.0806080343840276,0.177469067607393
"167",0.773748398858291,0.156703698995384,0.0695479021463247
"168",0.601064507114886,0.204746424893943,0.194189067991171
"169",0.999999733130017,0,2.62298211960389e-07
"170",0.788722147945112,0.211277852054888,0
"171",0.85994268379682,0.14005731620318,0
"172",0.700554914925515,0.173062492328346,0.126382592744783
"173",0.923076876938117,0,0.0769231230618829
"174",0.874999655532054,0.125000344422673,0
"175",0.784020216843151,0.215979783156849,0
"176",0.968466517716076,0.031533482283924,0
"177",0.878057340926782,0,0.121942655832806
"178",0.570352871083634,0.429647128916365,0
"179",0.804408669232998,0,0.195591330712295
"180",0.563242424264049,0.28508863421945,0.151668941516501
"181",0.920624975831562,0.0793750241103052,0
"182",0.798793384209743,0,0.201206615790257
"183",0.71516551730448,0.0464931043773773,0.238341378318143
"184",0.85423392585308,0,0.145766069664457
"185",0.693666895787905,0.219622874374716,0.0867102298373793
"186",0.796298754896561,0,0.203701245103439
"187",0.999999999999996,0,0
"188",0.64830420849253,0.107903147648351,0.243792643859119
"189",0.85918169784933,0.14081830215067,0
"190",0.731386001924658,0.0676376220061235,0.200976375593544
"191",0.942143510978198,0.0578564886141284,0
"192",0.858082092407587,0.141917907425818,0
"193",0.909770340313438,0,0.090229659686562
"194",0.825578352398968,0.0917306140807422,0.0826910334828211
"195",0.674007529996421,0.325992470003579,0
"196",0.817216699970764,0,0.182783300029236
"197",0.999999988593485,0,2.50876477758346e-11
"198",0.792372828345546,0.207627170933541,0
"199",0.726818870394163,0.089851589157198,0.183329540259974
"200",0.692228072634663,0.191595903733878,0.116176023631458
"201",0.598252117324015,0.160696945641854,0.241050936511587
"202",0.868791665217295,0.131208328732938,0
"203",0.740609964206802,0.165687605803972,0.0937024299892265
"204",0.78552550991905,0.0714046457099938,0.143069844370956
"205",0.908963713718866,0.0910362860171623,0
"206",0.779130854229472,0.119094704049331,0.101774441721196
"207",0.692821834924143,0.118225624837858,0.188952540237999
"208",0.728664878203403,0.0935599049352974,0.1777752168613
"209",0.837975322760742,0,0.162024677239258
"210",0.817458411583363,0.182541588416637,0
"211",0.535026933602977,0.222544501602986,0.242428564794037
"212",0.68243862691171,0.105853027511642,0.211708345576648
"213",0.909089331145174,0,0.0909106688548064
"214",0.753676184631269,0.123162400331996,0.123161415036735
"215",0.875525129262131,2.92994756792278e-21,0.124474870737869
"216",0.909091217059113,0.0454547096511583,0.0454540732896777
"217",0.687006214000594,0.312993785999406,0
"218",0.777725408445762,0,0.222274591554238
"219",0.750321952290767,0.18725856908266,0.062419478626572
"220",0.546829566897977,0.158199386288798,0.294971038218113
"221",0.833061355698787,0.0576112174280256,0.109327426873187
"222",0.692554023984118,0.131158464914398,0.176287511101484
"223",0.999999999992635,0,0
"224",0.920388623924573,0,0.079611376075427
"225",0.718273128123384,0.101961969732479,0.179764902144137
"226",0.749999570874483,0.250000429125517,0
"227",0.337930563156039,0,0.662069436843961
"228",0.928326460234906,0,0.0716735269648533
"229",0.854017009503554,0,0.145982990433587
"230",0.857196668787336,0.142803331210237,0
"231",0.726153602785935,0.12276004134311,0.151086355870955
"232",0.818179081455266,0,0.181820918544719
"233",0.836066524045909,0.0636562926948587,0.100277183259232
"234",0.782614817483588,0.144923445837401,0.0724617360023866
"235",0.905212313057782,0.0947876869422179,0
"236",0.663600609860887,0.138758148292506,0.197641241846607
"237",0.931590714349535,0,0.0684092856504648
"238",0.777782332224459,0.111108111679966,0.111109556094807
"239",0.781462784867961,0.147495479609807,0.0710417355222317
"240",0.68363824208913,0.203470064705647,0.112891693205223
"241",0.804995435582207,0.123571088681478,0.0714334757363153
"242",0.86666627865807,0.0666675273228361,0.0666661939856231
"243",0.711157047606578,0.192561828297925,0.0962811240954963
"244",0.851126373963696,0.0744370363285909,0.0744365897077128
"245",0.786780863103707,0.130957096742692,0.082262040153601
"246",0.595523621408972,0.106664783738945,0.297811594852083
"247",0.866452446022877,0.0664646499831087,0.0670829039672661
"248",0.684570190753432,0.315429809245835,0
"249",0.864596299258039,0.135403700729237,0
"250",0.928594748223816,0.0714052517087797,0
"251",0.838390221899423,0,0.161609777839315
"252",0.999999998983842,0,0
"253",0.779384639895439,0.0987453866388786,0.121869973465683
"254",0.779557126038614,0.0698546721153043,0.150588201846082
"255",0.963956235011815,1.18284533887917e-25,0.0360437649881852
"256",0.842106468445535,0.052631218607435,0.105262312946327
"257",0.800414020340467,0.199585979659504,0
"258",0.704661227296932,0.12053969992926,0.174799072765914
"259",0.719155279425653,0.150144370350799,0.130700350223548
"260",0.866399255188427,0.133600744811573,0
"261",0.803211073354441,0.098394364924337,0.0983945617132638
"262",0.796696533538346,0.135676970748276,0.0676264950825483
"263",0.910281752589321,0,0.0897182469033178
"264",0.730156158469849,0.269843841530151,0
"265",0.88902200013378,0,0.11097799986622
"266",0.841125728035383,0.158874271964617,0
"267",0.906651471119181,0.0933485288808194,0
"268",0.666220818509469,0.0982155128529646,0.235563655173751
"269",0.709776743909049,0,0.290223256090951
"270",0.923070983236796,0,0.0769290167632034
"271",0.857140840490825,0.142859159509175,0
"272",0.999787651628658,5.59007078659343e-154,0.000212348371342171
"273",0.652845482885846,0.0737494453682525,0.273405071745901
"274",0.68993811530483,0,0.31006188469517
"275",0.866000915745639,0,0.133999084254361
"276",0.922984944880183,0.0770150550827662,0
"277",0.592680108042794,0.197319414013805,0.210000477943401
"278",0.962046753119929,0.0379532465928619,1.86283900783151e-14
"279",0.999999997752969,0,0
"280",0.852974172469984,0,0.147025827491815
"281",0.865125515556479,0,0.134874484443521
"282",0.641385594916285,0.256812906161764,0.10180149892195
"283",0.789981372259316,0.140012452595503,0.0700061689318692
"284",1,0,2.63827568514332e-135
"285",0.667318285953353,0.258535269168632,0.0741464448780156
"286",1,0,0
"287",0.728573276874095,0.271426723125905,0
"288",0.917358472001325,0,0.0826415279673543
"289",0.999999999038231,0,0
"290",0.751004541705046,0.0710278248304367,0.177967633464517
"291",0.715647105341745,0.141229210349275,0.143123683473254
"292",0.553713775253145,0.332228472384644,0.114057750341649
"293",0.874083068558985,0,0.125916931441015
"294",0.563571537531752,0.124641457728313,0.311787004739891
"295",0.724345632555478,0.195468388657012,0.0801859787875101
"296",0.879108406829387,0,0.120891593170613
"297",0.906058872078032,0,0.0939411276204038
"298",0.94744198004174,0,0.0525580198982116
"299",0.848442213913204,0.151557786086796,0
"300",0.75834203871121,0.15166202452247,0.0899959367663206
"301",0.892213015790827,0,0.107786984209173
"302",0.825516753686054,0.0827620446503699,0.0917212015731338
"303",0.647591271733314,0.129384649124799,0.223024079141887
"304",0.790824093133338,0.209175906866662,0
"305",0.89980664201349,0,0.100193357900475
"306",0.714284201532713,0.142857399225609,0.142858399230904
"307",0.848208292659012,0.151791707211025,0
"308",0.67098331967833,0.109685181680782,0.219331498640888
"309",0.770771531946961,0.11461423402652,0.11461423402652
"310",0.955871690951967,0.0441280965498551,2.12465229166169e-07
"311",0.999999999993206,0,0
"312",0.749446348809188,0.156872713163762,0.0936809380270498
"313",0.840948559776371,0.0795241295974118,0.0795273106262169
"314",0.874259391944319,0.125740608053665,0
"315",0.823241907131817,0,0.176758092868183
"316",0.652380615685142,0,0.347619384314858
"317",0.760395897087049,0.140748303670124,0.0988557992303914
"318",0.999704746219149,0.000295253780851022,3.94535991361424e-274
"319",0.897688036641483,0,0.102311963358517
"320",0.824041395465846,0,0.175958604534155
"321",0.778519423549088,0.111216965867486,0.110263608622749
"322",0.701976697086859,0.211009722041756,0.0870135808713846
"323",0.733516664414499,0.199863436608153,0.0666198989773485
"324",0.658622133592599,0.3413778664074,0
"325",0.748305261450375,0.251694738549625,0
"326",0.813303389533214,0.093348351715491,0.0933482583671859
"327",0.824841190881088,0.058384408234567,0.116774400422063
"328",1,1.547156771887e-42,0
"329",0.887434255989688,0,0.112565743862893
"330",0.696684682545979,0.303315317454021,0
"331",0.916172073772628,0,0.0838279262261741
"332",0.758143847170321,5.7648450591544e-69,0.241856152829679
"333",0.84939732354205,0.150602673401153,0
"334",1,8.11810917541492e-19,0
"335",0.9999999999983,0,4.4480865232157e-13
"336",0.71646934216496,0.143293712591553,0.140236945243488
"337",0.801705239036159,0.104221767425166,0.0940729935386748
"338",0.912341356968538,0,0.0876586430314616
"339",0.81818143475736,0.0909099189770634,0.0909086462471071
"340",0.903976201331751,0.0960237958399557,0
"341",0.737336949605526,0.0908795477384009,0.171783502656073
"342",0.999999999999999,0,0
"343",0.796615662398641,0.124395042983818,0.0789892946175414
"344",0.833122405479093,0.166877594520907,0
"345",0.692586408208771,0.16954748031966,0.137866111471569
"346",0.908722877393354,0,0.0912771226066464
"347",0.857368852270359,0.0713155378176202,0.0713156091331938
"348",0.825142537196964,0.174857462803036,0
"349",0.857143044584217,0.142856955415782,0
"350",0.878291947620759,7.33662707689433e-09,0.12170803888461
"351",0.999999999999985,0,0
"352",0.870817615427015,0.0645916766572018,0.0645907077893186
"353",0.865754248050148,0,0.134245751949852
"354",0.789472024711284,0.0526313736355388,0.157896601653041
"355",0.95174969840781,0.0482503015921901,4.18917052843112e-107
"356",0.76470462186523,0.235295376005766,0
"357",0.838450661398499,0.0843972432393482,0.0771520953621531
"358",0.709009849702693,0,0.290990150297307
"359",0.695025208271609,0.205685461461417,0.099289330266974
"360",0.931684018990147,0.0683159810098535,0
"361",0.999999999999829,0,0
"362",0.779301728794165,0.11035134258563,0.110346928620205
"363",0.791590440176654,0.0779146609282626,0.130494898895083
"364",0.759342835074146,0.240657164925854,0
"365",0.600772604553974,0.298337829705372,0.100889564833211
"366",0.999999999999942,0,0
"367",0.641536667370343,0.271839642068179,0.0866236905614781
"368",0.466542441286715,0.414179309277667,0.119278249435618
"369",1,0,0
"370",0.643555167769214,0.281805116039777,0.0746397161910086
"371",0.900011287473441,0.0999887125265591,0
"372",0.867755088864796,0.066745475963865,0.0654994351644968
"373",0.705342118507956,0.294657881492044,0
"374",0.751630072475263,0.248369927524737,0
"375",0.909171282622753,0.0908287173659917,0
"376",0.926240901451011,0.073759098239271,0
"377",0.93333337504615,0,0.0666666249538501
"378",1,0,0
"379",0.70449250944902,0.118231515596708,0.177275974954272
"380",0.820489625691852,0.0830424785440769,0.0964678957597039
"381",0.57264534360876,0.256412269920763,0.170942386470477
"382",0.799998502187781,0,0.200001497776182
"383",0.846168713907089,0.0769064513065548,0.0769248341450788
"384",0.828061147403765,0.0792984832068625,0.0926403693893303
"385",0.676229108217521,0.227174157301248,0.0965967344812296
"386",0.761562039112554,0.0797703306241745,0.158667630263272
"387",0.899768049297854,0,0.100231950702146
"388",0.827125000652532,0.0742260252377636,0.0986489741097044
"389",0.784233534155654,0.0763888582560672,0.139377607588279
"390",0.874376520240003,0,0.125623468045623
"391",0.999999999999975,0,0
"392",0.923077373978338,0,0.0769226260216608
"393",0.888445495306322,0,0.111554504504024
"394",0.92074181663373,0.0792581833662008,0
"395",0.877000686381552,0.122999313618448,0
"396",0.750605935147897,0.114650319251453,0.13474374560065
"397",0.768357846531551,0.0772137515947444,0.154428401873701
"398",0.657605133798971,0,0.342394866201029
"399",0.738937628010057,0.174039888441463,0.0870224835484794
"400",0.696335261103021,0.15536562985121,0.148299109045769
"401",0.829468349533944,0.106723881547207,0.0638077689188487
"402",0.886375328359523,0.0568125062572457,0.0568121653832308
"403",0.838877274419091,0.0946631139174346,0.0664596116634747
"404",0.634337365924619,0.287329010097936,0.0783336239774448
"405",0.7092714100677,0.0712531664914034,0.219475423440897
"406",0.771905479499143,0,0.228094520500857
"407",0.533210910774523,0.17372038969722,0.293068699528258
"408",0.75094522398052,0.0622633339035568,0.186791442115923
"409",0.792443727295145,0,0.207556272704855
"410",0.727281800961184,0,0.272718199038816
"411",0.694475476472771,0.100467757036546,0.205056766490683
"412",0.77374976619054,0,0.226250212503538
"413",0.92857730770012,0,0.0714226922998804
"414",0.55050951653549,0.335489024859938,0.114001458604572
"415",0.692683161011772,0.226333074551807,0.0809837644364204
"416",0.808525745732981,0.155156071361915,0.0363181829051044
"417",0.924762488075369,0,0.0752375118889791
"418",1,0,0
"419",0.5598917396869,0.167776115205492,0.272332145107608
"420",0.799701535373514,0,0.200298464626486
"421",0.714285739491167,0.214285679917197,0.0714285805915491
"422",1,0,1.35804088962423e-23
"423",0.883746489185139,0.116253510814861,0
"424",0.85968208649515,0,0.140317912813607
"425",0.802845137916906,0.138113642265371,0.0590412198177239
"426",0.891128272069265,0.108871727930735,0
"427",0.507470771246839,0.394212110379173,0.0983171143894088
"428",0.787281267170745,0.141813466257614,0.0709052569056941
"429",0.690805393610283,0.154640049348102,0.154554557041615
"430",0.562730963068577,0,0.437269036931423
"431",0.999999986450765,8.95576909629226e-10,1.26536514209189e-08
"432",0.767208993904512,0.0775975804181954,0.155193425677292
"433",0.800001542216358,0,0.199998457783642
"434",0.732629151306071,0,0.267370848693929
"435",0.792163118931218,0.137224370745017,0.0706125103237647
"436",0.737189162413266,2.31037671997657e-36,0.262810837586734
"437",0.709971471413298,0.19335246910817,0.0966760586576317
"438",0.267254444352696,0.209719553717812,0.523026001929491
"439",0.636157835478395,0.272507653934666,0.0913345100633703
"440",0.839135205561333,0.0775328598321364,0.0833319346065306
"441",0.845026641045089,0.0864356455291945,0.0685377134256979
"442",0.857219063428468,0.142780930709003,0
"443",0.833338206549377,0,0.166661793450623
"444",0.749602619135564,0.168864095870722,0.0815332754754569
"445",0.603815414038621,0.23771026195997,0.158474317475201
"446",0.690118290721852,0.193025637858293,0.116856071419855
"447",0.885893043352164,0.114106956647836,0
"448",0.804204445222103,0.0652635391973821,0.130532014949129
"449",0.787137271124534,0.0709495212938349,0.141913207577604
"450",0.799999622219888,0,0.200000377779284
"451",0.922192058037007,0.0778079419629935,0
"452",0.877360302754291,0,0.122639694499545
"453",0.476222707608163,0.349060625077176,0.174716667314661
"454",0.872936939838575,0.0635314665491827,0.0635315936122425
"455",0.846148757045722,0.153851242825678,0
"456",0.852092750720452,0.147907249279548,0
"457",0.664482404538356,0.335517594799639,7.54314599336885e-12
"458",0.612546097257246,0.193724529784485,0.193729372958268
"459",0.733887737590406,0.088557146860138,0.177555115549456
"460",0.844256269060408,0.0788849991421932,0.0768587317972954
"461",0.681277002601621,0.197125184657944,0.121597812740435
"462",0.863939370285717,0,0.136060629706793
"463",0.686479178554533,0.16948084217104,0.144039979274428
"464",0.844677329812972,0,0.155322670184644
"465",0.833333206606336,0,0.166666793393664
"466",0.958251670139115,0,0.0417483298608828
"467",0.653233571684243,0.173383127466184,0.173383300849398
"468",0.646653056863637,0.137799525762264,0.215547416840026
"469",0.859643602088015,0.140356397911985,0
"470",0.785449551545546,0.102344362603264,0.112206085657968
"471",0.646891456992537,0.274823347049839,0.0782851959576248
"472",0.83308750611806,0,0.166912493824384
"473",0.999999999526697,0,0
"474",0.618652533843895,0.290970468852332,0.0903769973037732
"475",0.534821041368026,0,0.465178958631974
"476",0.751092193337326,0.165938527747399,0.0829692788546268
"477",0.91666748609941,0.0833325138977457,0
"478",0.688193447365528,0.311806552634472,0
"479",0.620812855470954,0.126396991065174,0.252790144605277
"480",0.755246819178704,0.146844559455065,0.0979086213662306
"481",0.925550110508073,0.0744498894919265,2.44087718492826e-17
"482",0.77778590657342,0.22221409342633,0
"483",0.658409642822229,0.0705484914312685,0.271041865746502
"484",0.695989006210179,0,0.304010993789821
"485",0.8888300562918,0,0.111169943661067
"486",0.851176525295737,0.100742981900241,0.0480804928040229
"487",0.792985675072741,0.138004757230895,0.0690095676963643
"488",0.895796166118515,0,0.104203830942144
"489",0.785712632492883,0.0714296549150883,0.142857712592029
"490",0.805311921172976,0,0.194688078827024
"491",0.999999999912339,0,0
"492",0.737761098454254,0.0719240036963532,0.190314897849393
"493",0.892925751115017,0.107074240677158,0
"494",0.634332462424308,0.245867114661006,0.11980042169603
"495",0.783712408846727,0.0720964010966178,0.144191190045979
"496",1,7.76965160467523e-25,1.76237744378454e-26
"497",0.755732029985806,0.244267968846459,0
"498",0.808181049590062,0.0685854288472511,0.123233521562687
"499",0.920625633554258,0,0.0793743664457421
"500",0.843362434631597,0.0522094649809711,0.104428100376567
"501",0.88127501750358,0,0.118724981947258
"502",0.565050328394599,0.347183967090049,0.0877657035336973
"503",0.875038806448125,0.124961193312371,0
"504",0.718436546892926,0.096333621261908,0.185229831845166
"505",0.549946997798546,0.33128263922105,0.118770362980403
"506",0.599999974054006,0,0.400000025945937
"507",0.615386023008749,0.307691220908548,0.0769227560827027
"508",0.73231173639782,0.0969671530398444,0.170721110562336
"509",0.855485959488321,0.0787798836894051,0.0657341568222738
"510",0.845242258708869,0.103211809843118,0.0515459314480127
"511",0.819177810920127,2.1656284372343e-14,0.180822189079849
"512",0.792330380037741,0,0.207669619962259
"513",0.646488456754348,0.2589218666629,0.0945896765827523
"514",0.862453071859898,0.1064505691522,0.0310963589879022
"515",0.722883724194492,0.103267053487442,0.173849222318066
"516",0.844165234432168,0.155834765567832,0
"517",0.914036598697995,0,0.085963399030242
"518",0.798088793399178,0.0673037436351804,0.134607462965642
"519",0.772188823929315,0.227811176070685,0
"520",0.582432624367259,0.116485116843418,0.301082258789323
"521",0.902998274327916,0.0970017134103765,0
"522",0.818708223098579,0.181291776901421,0
"523",0.933030337621434,0.0669696623785657,0
"524",0.999999999584776,0,0
"525",0.729796026358341,0.137479536304035,0.132724437337625
"526",0.642491903074147,0.216825788789154,0.140682308136699
"527",0.507859479604818,0.289282810993281,0.202857709401901
"528",0.590844525505541,0.261444732346003,0.147710741584933
"529",0.834730300865611,0.165269699134389,0
"530",0.833326678722313,0.16667332127768,0
"531",0.716108042689818,0.141945623787178,0.141946333517071
"532",0.778378165701185,5.01298512998674e-47,0.221621834298815
"533",1,0,0
"534",0.857327719502188,0.142672279531943,0
"535",0.923101086476256,0,0.0768989135237438
"536",0.656851075251009,0.127645171756583,0.215503751747892
"537",0.890108123407489,0,0.109891876592511
"538",0.795294473611244,0.0901653721991393,0.114540154189617
"539",0.785547052178677,0,0.214452947821323
"540",0.667610401116114,0,0.332389598883886
"541",0.903590797990659,0,0.0964091969220977
"542",0.488913146542799,0.311377144037648,0.199709709419553
"543",0.725402225514718,0.093244613690819,0.181353160794463
"544",0.658696326584452,0,0.341303673415548
"545",0.776316814030697,0.223683185969303,0
"546",1.80577438675995e-11,0.99999999998194,0
"547",0.888934160650714,0,0.111065839349286
"548",0.557021464371523,0.139286613087942,0.303691922540535
"549",0.903253404801925,0,0.0967465951963645
"550",0.844345110513856,0.155654889486144,0
"551",0.751300431887332,0,0.248699568112668
"552",0.804386297724002,0.102265218864322,0.0933484834116751
"553",0.930785984783733,0.0692140152161565,0
"554",0.695333319752684,0.304666680247316,2.71244091538845e-16
"555",0.999999999303535,0,0
"556",0.684318573749572,0.315681426250428,0
"557",0.912321201273721,0,0.0876787987262785
"558",0.845635274492747,0,0.154364725395911
"559",0.697197932768305,0.302802067231695,0
"560",0.769237756262823,0.0769213212580716,0.153840922478872
"561",0.999999997426907,0,0
"562",0.674234241728013,0,0.325765758271987
"563",1,0,0
"564",0.581194746198176,0.239438091319882,0.179367162481942
"565",0.785540250555375,0.114571226871619,0.0998885134274485
"566",0.496094730229216,0.29028694429022,0.213618325480564
"567",0.83785360865889,0.0810729522084235,0.0810734386475963
"568",0.916666569433245,0,0.0833334305605184
"569",0.66666640431996,0,0.33333359568004
"570",0.885379124987985,0.114620875008815,0
"571",0.784428366892402,0,0.215571632882699
"572",0.846155307664881,0.0769217692447458,0.076922923079938
"573",0.814581643126615,0.185418356806062,0
"574",0.999999999970797,0,0
"575",0.999999998597397,0,0
"576",0.889407832291459,0.0555855838465913,0.0550065838428622
"577",0.581046820914247,0.360848549695597,0.0581046293901557
"578",1,0,0
"579",0.940198195700708,7.96567159036873e-09,0.0598017963336199
"580",0.856435549397107,0,0.143564450406985
"581",0.726838528842568,0.113959867476372,0.159201603681059
"582",0.737958619437764,0.131020493750082,0.131020886812153
"583",0.999999999994528,0,0
"584",0.87310325646552,0.0597348634049941,0.0671618801284932
"585",0.84206052445939,0,0.15793947554061
"586",1,0,0
"587",0.589527167457032,0.312218356784196,0.0982544757587719
"588",0.999999998713947,0,0
"589",0.89726053926951,0,0.102739460730478
"590",0.851147556214593,0.148852443785407,0
"591",0.831322612403789,0,0.168677387596211
"592",0.962356693175037,0.0376433068249626,0
"593",1,0,0
"594",0.750000883333019,0.249999116612754,0
"595",0.908423833508262,0,0.0915761664917382
"596",0.811573967108661,0.188426032891339,0
"597",0.804194919526802,0,0.195805080473198
"598",0.901694784171984,0.0983052158280163,0
"599",0.818181286015196,0.0909091751736883,0.090909538811116
"600",0.999999999506522,0,0
"601",0.660916021109996,0,0.339083972615067
"602",0.62539199090526,0.154275758167698,0.220332250927042
"603",0.531283372982332,0.248568519021043,0.220148107993951
"604",0.999999999645715,0,0
"605",0.999999999194191,0,0
"606",0.864480942268558,0,0.135519055317018
"607",0.589699741593979,0.157575623904962,0.25272463450106
"608",0.769137594752588,0.230862404227759,0
"609",0.824632635858897,0.175367364141103,0
"610",0.999999999835233,0,0
"611",0.77014043029729,0.11493179612259,0.114927773580121
"612",0.717561849974379,0.165590710766642,0.116847439258979
"613",0.692014917680173,0.102659790121541,0.205325292198286
"614",0.75491757700995,0,0.245082422850529
"615",0.841362383018644,0,0.158637616981356
"616",0.999999999402867,0,0
"617",0.721047515499016,0.0557904683854514,0.223162016115533
"618",0.635146691752484,0.273639892994434,0.0912134152085551
"619",0.822587084815588,0.118274873884955,0.0591380389977641
"620",0.870196015997556,0.129803983330476,0
"621",0.690737131361921,0.154703492562217,0.154559376075862
"622",0.778733323436713,0,0.221266676563287
"623",0.999999999133617,0,0
"624",0.411384710388287,0,0.588615289611713
"625",0.899642982751039,0,0.100357017073483
"626",0.99999999999999,0,0
"627",0.770093691973929,0.114952866213356,0.114953440979124
"628",0.873384393940833,0.126615606059167,0
"629",0.678098253806357,0.214599219793685,0.107302526399958
"630",0.910085800123164,0.0899141998768356,0
"631",0.918078088060734,0,0.0819219078537051
"632",0.929894746525845,0,0.0701052303507343
"633",0.858306646485328,0.0667646956415616,0.0749286578731102
"634",0.918128243242672,0,0.0818717566212895
"635",0.785328444435999,0.107335348423571,0.107336207109793
"636",1,0,0
"637",0.805035784322672,0.102155762213329,0.092808453463986
"638",0.866608164256797,0,0.133391835743083
"639",0.45962067085308,0.243554690929517,0.296824638217403
"640",0.413600905854149,0.111571151046442,0.474827943099409
"641",0.999999999998995,0,0
"642",0.790345371849731,0.0399368329432783,0.16971779520699
"643",0.840467416679163,0,0.159532583320837
"644",0.799750865114746,0,0.200249133842936
"645",1,0,0
"646",0.695791817218775,0.0995212811698956,0.20468690161133
"647",0.999999998160327,0,0
"648",0.885735759404082,0.114264240595918,0
"649",0.999999999939885,0,0
"650",0.999999999999866,0,0
"651",0.805364331968394,0.0973185638995575,0.0973171041320482
"652",0.808183649452181,0.105479257437733,0.0863370931100856
"653",0.800000102220798,0.199999897779201,0
"654",0.912540369156893,0,0.0874596308028411
"655",0.679945237347236,0.201283882346653,0.11877088030609
"656",1,0,0
"657",0.758693753607125,0.0475137056437479,0.193792540749127
"658",0.91925444192072,0.0807455580792802,0
"659",0.642162274564109,0.216634377429843,0.141203348006048
"660",0.888707866998303,0,0.111292133001697
"661",0.868849453742096,0,0.131150545997141
"662",0.629998178613651,0,0.370001821386346
"663",0.916506165208169,0,0.0834938347800861
"664",0.909725838587687,0,0.0902741614102875
"665",1,0,0
"666",0.840326175473263,0,0.159673821787112
"667",1,0,0
"668",0.626389834376042,0.373610165623958,0
"669",0.999999999995473,0,0
"670",0.753878771150136,0.0740804432794063,0.172040785570457
"671",0.882890314995494,0.117109685004506,1.19912852619539e-90
"672",0.748555777302438,0.0552312391511062,0.196212983518447
"673",0.845559457907471,0.0772159844950221,0.0772245559450077
"674",0.905786146392057,0,0.0942138536079432
"675",0.78012101257618,0.0879528655275891,0.131926117763929
"676",0.726274358559736,0.141627142581667,0.132098498858597
"677",0.779334092404392,0,0.220665907595609
"678",1,0,0
"679",0.699749964174098,0.200159805940734,0.10009022980355
"680",0.831824863150827,0.168175136849173,0
"681",0.931570126527278,0.0684298731094594,0
"682",0.716735337784583,0,0.283264658034125
"683",0.740223665930299,0.119109756526767,0.140666577542934
"684",0.771856327039459,0.0918382087023949,0.136305464258146
"685",0.86666606819786,0.133333931516065,0
"686",0.70734904215375,0.164042286445937,0.128608671400313
"687",0.749944140461488,0.189675501339723,0.0603803502106462
"688",1,0,7.38901347792202e-24
"689",0.714284201541428,0.142857684942437,0.142858113516135
"690",0.614818775891371,0.153703058735731,0.231478165372898
"691",0.945981171302753,0.0540188286972474,1.01577786358405e-57
"692",0.557756043215138,0,0.442243956784862
"693",0.726834516942462,0.0756768897911993,0.197488593266339
"694",1,0,0
"695",0.856893711748246,0.071698360933049,0.0714079271201981
"696",0.938530717071725,0,0.061469282928146
"697",0.82360445009151,0.0737573298706941,0.102638220037796
"698",0.857690777151067,0.0711560700940005,0.0711531527549323
"699",0.770163846850009,0.0545007945427205,0.175335324475357
"700",0.838036000406235,0,0.161963995328337
"701",0.86700082462,0.132999175359615,0
"702",0.812234157197096,0,0.187765842802904
"703",0.863705044606806,0,0.136294955393194
"704",1,0,0
"705",0.67450767562257,0.249064787978493,0.0764275363989375
"706",0.833331123261319,0,0.166668876738681
"707",1,1.55711107879323e-24,0
"708",0.841216844701857,0.158783155298143,0
"709",0.651669547705113,0.348330452294754,0
"710",0.862966682972422,0.137033316758471,0
"711",0.701657455157162,0.0792348580843292,0.219107686758509
"712",0.885752857556264,4.79010114874343e-09,0.114247136943348
"713",0.882351259361187,0.0588249585493057,0.0588237820618997
"714",0.896545765068594,0,0.103454234931319
"715",0.657509920750583,0.217628363299316,0.124861715950101
"716",0.909149066474117,0,0.0908509335258833
"717",1,0,0
"718",0.85444851113659,0.0503586924414137,0.0951927939004917
"719",0.828020527137777,0.0859897364311113,0.0859897364311113
"720",0.999999999422449,0,0
"721",0.785714372294757,0.142857171775967,0.0714284559280713
"722",0.878008771367777,0.0655795286347554,0.0564116999974674
"723",0.839183150382739,0.0908844553846491,0.0699323942326117
"724",0.857142922135328,0,0.142857077864672
"725",0.844282015392816,0.155717984607184,0
"726",0.900200019900152,0,0.0997999800048507
"727",0.899676834892134,0,0.100323165107377
"728",0.882812893879985,0.0588542047610418,0.0583329013581833
"729",0.897187967676115,0.102812032268411,0
"730",0.818694689224037,0.0906526553877384,0.0906526553877384
"731",1,7.00589506365311e-236,0
"732",1,0,0
"733",0.844691760997036,0,0.155308239002964
"734",0.999999999997622,0,0
"735",0.889236211239896,0,0.110763788760104
"736",0.818181759156885,0,0.181818240842679
"737",0.74130872697182,0.12934563651409,0.12934563651409
"738",0.713231340037231,0.286768659962769,0
"739",0.837008694241379,0.117361211629247,0.0456300941293743
"740",0.759425110868479,0.120287620683333,0.120287259821012
"741",0.655675166942804,4.94947111077261e-70,0.344324833057196
"742",0.907604379674474,0.0923956203255264,0
"743",1,0,0
"744",0.999999999999999,0,0
"745",0.692488986247945,0.153624042260756,0.153886964107133
"746",0.999999999999998,0,0
"747",0.662764263288384,0.112412075651207,0.224823661060409
"748",0.99999999998662,0,0
"749",0.871975536244192,7.37156028714794e-14,0.128024463755735
"750",0.645803906134076,0.107704989066392,0.246491104799532
"751",0.99999999826557,0,0
"752",0.805574457372266,0.120948233841171,0.073477308786564
"753",0.60636319812981,0.191557714302895,0.202079087567295
"754",1,1.56601636015693e-65,0
"755",0.999999999993826,0,0
"756",0.879048985497949,0.120951014501766,0
"757",0.933333561712098,0,0.0666664382875088
"758",0.842257256832255,1.24834614341361e-47,0.157742743167745
"759",0.837706720783766,0.162293279216234,0
"760",0.9999999999941,1.58336734296749e-13,5.63903536283027e-12
"761",0.809760394329987,0.142899615528247,0.047339990075229
"762",0.716465934322757,0.196921604252325,0.0866124614249182
"763",0.909975514605867,0,0.0900244852914054
"764",0.802703700810053,0.197296299189947,0
"765",0.771453989693551,0.13043917583519,0.0981068344712587
"766",0.720485878460779,0,0.279514121539221
"767",0.814337889353317,0.185662104168605,0
"768",0.81576725610061,0.0908731055539864,0.0933596359839467
"769",0.88734162047262,0.11265837952738,0
"770",0.67023717561191,0.218468457139006,0.111294366683409
"771",0.933313336704551,0.0666866632934772,0
"772",0.892523535987372,0.107476464010556,0
"773",0.749499706112684,0.167000352873817,0.0834999410134983
"774",0.877959016966038,0.122040983033962,0
"775",0.750469525184333,0,0.249530473056419
"776",0.763756684880954,0.0740239924650308,0.162219322654015
"777",0.840414825326324,0.0797929862997746,0.079792188373901
"778",0.768732823140247,0.0601645600208816,0.171102616838871
"779",1,5.68793322539933e-21,0
"780",0.741683373597729,0.123613211921247,0.134703414481025
"781",0.769235596829824,0,0.230764403170115
"782",0.999999999999709,0,0
"783",0.828939659115299,0.171060340884701,0
"784",0.916241705790407,0.083758294182507,0
"785",0.777048209519701,0.0717201969017841,0.151231593578514
"786",0.683994767672259,0.210675549089902,0.105329682866897
"787",0.44193411696019,0.331451274636207,0.226614608403603
"788",0.79999943529244,0.0666665962602575,0.133333968447294
"789",0.727272280394138,0.272727719605861,0
"790",0.90908908320713,0.0909109167928698,0
"791",0.78299664404355,0.158471601981857,0.0585317539745931
"792",0.875136529061726,0.124863470877242,0
"793",0.954296083983581,9.8218598001259e-73,0.0457039160164192
"794",0.815858576902936,0.137222408240647,0.0469190148564163
"795",0.875000202446745,0.124999797553038,0
"796",0.87395732421268,0,0.12604267578732
"797",1,0,0
"798",0.932870574652958,0,0.067129424947875
"799",0.640284000759798,0,0.359715999240202
"800",0.885462720374511,0.114537279625489,0
"801",0.777080241239931,0.111011701604306,0.111908057123265
"802",0.89092436517062,0,0.10907563452198
"803",0.778562830117268,0.130148316288239,0.091288853594493
"804",0.999999999999846,0,0
"805",0.83347093891316,0,0.166529061086836
"806",0.642858826922759,0,0.357141173059796
"807",1,0,0
"808",0.70248700539404,0,0.297512994605232
"809",0.890460058155854,0,0.109539941844145
"810",0.807017213115356,0,0.192982786884644
"811",0.417726542786031,0.291136728606985,0.291136728606985
"812",0.876803838688736,0.0598304240076638,0.0633657373014765
