"A","B","C"
"1",0.0459009795238785,0.862287254670736,0.0918117658053855
"2",0.150404335023917,0.752016476837281,0.0975791881387519
"3",0.0870444519432192,0.82819027610527,0.0847652719515106
"4",0.147138446258891,0.741416803369798,0.111444750272047
"5",0.221103897681966,0.734906085560451,0.0439900167575822
"6",0,0.912654749684884,0.0873452503151161
"7",0.122843184273025,0.821760193716445,0.0553966220105304
"8",0.081845194615731,0.833460734956555,0.0846940704277137
"9",0.0437001073377688,0.956299891923646,7.36978408499106e-10
"10",0.0995684321641131,0.900431567835887,0
"11",0.100190626440753,0.710679557681184,0.189129815878062
"12",0.100502590213932,0.804003401941033,0.0954940078450348
"13",0.113643309719798,0.797720815652441,0.0886358746277605
"14",0.000297863653768022,0.999485418590067,0.00021671775616535
"15",0.0832480606074905,0.750257013566799,0.166494925683894
"16",0.0350031596111187,0.810976706713757,0.154020133675124
"17",0,0.689530015471798,0.310469984528202
"18",0.0947564474608036,0.831000078007391,0.0742434745318054
"19",0.0960283569834648,0.860758117664787,0.0432135253517482
"20",0.0788208169699035,0.674976001374214,0.246203181655882
"21",0.14304928064274,0.751009416853499,0.105941302503761
"22",0.118104383206467,0.842527950108554,0.039367666684979
"23",0.0868680602131511,0.828474798564101,0.0846571371149749
"24",0.114055111335918,0.771889777328164,0.114055111335918
"25",0.107609378892927,0.724570313674048,0.167820307433025
"26",0.148876563063722,0.801488422207188,0.0496350147290515
"27",0.106746052779806,0.829632370137031,0.0636215770831636
"28",0.225497895819973,0.730463181195376,0.04403892173209
"29",0.0601795076247949,0.939820490486749,0
"30",0.135543694317574,0.829782862921617,0.0346734427608086
"31",0.13438724943771,0.749334555487981,0.116278195074308
"32",0,0.944443272059482,0.0555567279405177
"33",0,0.918730870829449,0.0812691291705505
"34",0.150305323566405,0.737260076831191,0.112434599602404
"35",0.121668775088681,0.756666343156095,0.121664881750172
"36",0.0812826191528383,0.714107282846779,0.204610098000383
"37",0.0376254879417339,0.922801998082332,0.0395725102476271
"38",0.0633170887918995,0.715068439599679,0.221614471608422
"39",0.0428529496145964,0.852014442935556,0.105132607140704
"40",0.202610637340765,0.797389362467024,0
"41",0.0361635386192168,0.838951074565599,0.124885384264012
"42",0.125198718007983,0.666639366016837,0.208161915975181
"43",0.25086128190197,0.613108626282169,0.136030091815862
"44",0.0765251113449107,0.84178020404937,0.0816946846057193
"45",0.0916112507516429,0.770972025060889,0.137416723854787
"46",0.0556525387407662,0.834784574088809,0.109562887170424
"47",0.132381084389234,0.777719380871351,0.0898995347388611
"48",0.0465348995998199,0.759023364444091,0.194441735956089
"49",0.123814863284954,0.876185136715046,0
"50",0.0875381728290675,0.751589997468442,0.16087182970249
"51",0.04412652913573,0.911748486130033,0.0441249847342375
"52",0.125577703144422,0.76870149065256,0.105720806203019
"53",0.109691881621242,0.766554163535583,0.123753954843175
"54",0.0471571067348654,0.903968689067928,0.0488742036128011
"55",0,0.882141944814015,0.117858055185985
"56",0.0878953362934068,0.912104663706568,0
"57",0.0760355993901026,0.659732627862878,0.264231772371035
"58",0.193105386940729,0.695301862777876,0.111592750281395
"59",0,0.95525766614024,0.0447423334980985
"60",0,0.891043344962613,0.108956647508339
"61",0.175143464709753,0.779368079164781,0.0454884494921291
"62",0.0509690391889398,0.796078161332983,0.152952799478077
"63",0,0.940609791131648,0.0593902088679991
"64",0.122442736970193,0.693883075627601,0.183674187402206
"65",0.10367877926013,0.792646588547968,0.103674632191902
"66",0.141494106685325,0.784220371812855,0.0742855215018201
"67",0.123930081548664,0.797839578744525,0.0782303397068114
"68",0.101902615365593,0.686145432441983,0.211951951666325
"69",0.185448194591862,0.729372495013202,0.0851793103949363
"70",0.10569583359006,0.664812785054941,0.229491381354999
"71",0,0.964065451445838,0.0359345485541624
"72",0.0900319487444942,0.865802301628186,0.0441657496273188
"73",0.103832278100443,0.728091616231993,0.168076105667564
"74",0.0308186262626815,0.870507396472133,0.0986739771828905
"75",0.205313527759544,0.606011046527703,0.188675425712753
"76",0.0468527849638742,0.765752071717271,0.187395142913486
"77",0.254461421544759,0.60394083583083,0.141597742624412
"78",0.195660392298676,0.66076117373695,0.143578433964374
"79",0.123858146154134,0.836134034120993,0.0400078197248733
"80",0.264611250593499,0.529222934853292,0.206165814553208
"81",0,0.922502828277264,0.0774971717227354
"82",0.130913329251266,0.740098655438685,0.128988015310049
"83",0.0649898231222051,0.870955330546927,0.0640548463308682
"84",0.080744687060952,0.725563914071263,0.193691398867783
"85",0.125455618747016,0.801665998617557,0.0728783826354277
"86",0.0849332617507447,0.874345662413533,0.0407210758357221
"87",0.148135048991142,0.80453973076805,0.0473252202408074
"88",0.172246280052896,0.664378696828468,0.163375023118637
"89",0.200666152660075,0.636896138974535,0.16243770836539
"90",0.0908355545095691,0.817521153643027,0.0916432918473995
"91",0.137541956984507,0.727765595587714,0.134692447427778
"92",0.0834291682686716,0.874435021112354,0.0421358106189749
"93",0.147766640074828,0.795578301216679,0.0566550582579162
"94",0.187449543656346,0.671963288415605,0.140587167928049
"95",0.138014458116272,0.828087188222961,0.0338983536607619
"96",0.162088351180864,0.784207429835729,0.0537042189834066
"97",0.104538683288799,0.757972555042872,0.137488761321087
"98",0.143153299732926,0.763486224672432,0.0933604755935148
"99",0.0830111093427544,0.876193928798891,0.0407949560010709
"100",0.0814021277773657,0.758948112770757,0.159649759451877
"101",0.177437488092104,0.691857055527415,0.130705456380481
"102",0.14703969244065,0.775968996897849,0.0769913106615015
"103",0.0878775402379478,0.912122459762052,0
"104",0.145781387791847,0.708439848456761,0.145778763750484
"105",0.0548516332715992,0.835450385556234,0.109697981105717
"106",0.0580629649388502,0.82580694554253,0.116130089517982
"107",0.112347207175116,0.84357949356769,0.0440732992571945
"108",0.0413453028221451,0.800397772259875,0.158256924917979
"109",0.125419136027122,0.798657518700578,0.0759233452723001
"110",0.0769389976967135,0.859484568107944,0.0635764341953427
"111",0.0588343108078767,0.94116568919089,0
"112",0.0696282400882887,0.894594223088101,0.0357775368236103
"113",0,0.769230271421022,0.230769728578934
"114",0.224343820865414,0.663484697134949,0.112171481999637
"115",0.104855248622758,0.814267400980486,0.0808773503966653
"116",0.117336120861816,0.805854047814125,0.0768098313240593
"117",0.156497827677022,0.781021071184847,0.0624811011381314
"118",0.0733386431458892,0.811131885390758,0.115529471463352
"119",0.0982718230955401,0.857492424077118,0.0442357525839869
"120",0.119263304996516,0.805734026283037,0.0750026687204476
"121",0.137732779434038,0.821207178871793,0.0410600416941683
"122",0.145983360406676,0.742021816774362,0.111994822818962
"123",0.0849012533680057,0.745294063108973,0.169804683523021
"124",0.114769501122139,0.765100944656884,0.120129554220977
"125",0.147971224749143,0.812030440281158,0.0399983349696983
"126",0.125971178155993,0.835953622436696,0.0380751994073103
"127",0,1,0
"128",5.38046243451764e-25,1,0
"129",0.156164630089827,0.651382985026404,0.192452384883769
"130",0.160875275682244,0.760982513711322,0.0781422106064336
"131",0,0.945206922181441,0.0547930778185593
"132",0.127477558860692,0.795849693037114,0.0766727481014325
"133",0.20775062156434,0.711374081397728,0.0808752970379322
"134",0.047404599838542,0.805870667119212,0.146724733042246
"135",0.183278770647298,0.769244089420457,0.0474771399322444
"136",0.108362642334762,0.731453318066262,0.160184039598976
"137",0.135985368031906,0.756008252365513,0.10800637918929
"138",0.193545320878003,0.806454679121997,0
"139",0.0664982579859137,0.767851804485286,0.1656499375288
"140",0.186011411696576,0.714234989428081,0.0997535879990707
"141",0.0188575405227638,0.829991833542723,0.151150625824512
"142",0.085542551979073,0.914457447726571,0
"143",0.0355839729645111,0.919013065062644,0.0454029617118115
"144",0.0344843870233102,0.793128833252188,0.172386779724502
"145",0,0.85122216362176,0.148777835501025
"146",0.11726510814171,0.745186299165695,0.137548592285003
"147",0.133985972048023,0.799044875094337,0.0669691528576402
"148",0.156991702630208,0.753319133784993,0.0896891635847989
"149",0.157619432042672,0.731153533311578,0.11122703464575
"150",0.0385195209229162,0.886991278565009,0.0744892000982425
"151",0,0.938550444370085,0.0614495556299151
"152",0,0.831478205278144,0.168521794721856
"153",0.200615621128354,0.717325522984595,0.0820588558870515
"154",0.0602065120551619,0.879587036073647,0.0602064518486801
"155",0.116177307417046,0.675604291021397,0.208218401561557
"156",0.111947584649009,0.888052415350991,0
"157",0,0.999999999999412,0
"158",0.0676312916680496,0.879190651827929,0.05317805283023
"159",0.112369228512475,0.822221753917242,0.0654090175702829
"160",0.0562080066092783,0.887584042915997,0.0562079504012997
"161",0.0217915181502878,0.978208481329449,8.61943774161177e-12
"162",0.0722641396543275,0.677661575676226,0.250074284669446
"163",0.0729845727639161,0.808070321920201,0.118945105315882
"164",0.0745853771818853,0.822139814863695,0.103274807741844
"165",0.119557865814824,0.721031976802258,0.159410157382892
"166",0.112068232210665,0.887931767789335,0
"167",0.197833274909003,0.69035408322414,0.111812641866857
"168",0.0869678967090494,0.739119821021629,0.173912282269311
"169",0.152190198137235,0.673650912089755,0.174158889773009
"170",0.0899566629484601,0.67284704577679,0.23719629127475
"171",0.120629003733745,0.702678703232117,0.176692290987083
"172",0.145960767092606,0.760159186336292,0.0938800465711024
"173",0.142679618841111,0.857320381158888,6.19404222113545e-16
"174",0.147057491536907,0.803481056933399,0.0494614515296938
"175",0.194190143478348,0.805809852837515,0
"176",0.0656567803854669,0.751329178695773,0.18301404091876
"177",0,0.92358614158512,0.0764138584148797
"178",0.150927754305237,0.768523601791787,0.0805486439029768
"179",0.0670803730422398,0.798759978368615,0.134159648578943
"180",0.0696830351906654,0.790933497747436,0.139383467061899
"181",0.111259616333033,0.780087705459602,0.108652678207365
"182",0.0548738377193699,0.889499273770255,0.0556268885103749
"183",0.0201608253893653,0.920824426284473,0.0590147483261617
"184",0.0713407741255046,0.891626239793154,0.037032986077356
"185",0.0696885423488279,0.862712002769946,0.0675994548734745
"186",0.0863813651086021,0.697674018127981,0.215944616763417
"187",0.0386064685941446,0.893987544357087,0.0674059870487684
"188",0.111043919151592,0.72732672434998,0.161629356498428
"189",0.0736799693820147,0.821481959167671,0.104838070745593
"190",0.193133194400209,0.775754479173739,0.0311123260694585
"191",0.161821124809355,0.738594870387647,0.0995840048029976
"192",0.208884944332945,0.71675465174662,0.0743604039204356
"193",0.103002125311062,0.793195419647392,0.103802455041546
"194",0.250413719465886,0.749586280196779,0
"195",0.0483716169136455,0.855095547626332,0.0965328354600222
"196",0.044732052624023,0.831736185325864,0.123531762050113
"197",0.138225321033931,0.720723172922133,0.141051506043937
"198",0.0345687171919152,0.829656820235458,0.135774462572627
"199",0.129896904689928,0.605909778720037,0.264193316590035
"200",0.0992765637219975,0.794210491144619,0.106512945133384
"201",0.133806325224969,0.783703233746566,0.0824904410284651
"202",0.0801674674464123,0.739100413876538,0.180732093754142
"203",0.0793404424420797,0.83882742298039,0.0818321330956269
"204",0.0411393974952839,0.915761755768613,0.0430988467361036
"205",2.42009010957499e-79,0.710344957222931,0.289655042777069
"206",0,0.894676440229424,0.10532355976938
"207",0.0413817063365657,0.873308530285205,0.0853097633782289
"208",0.102956888509108,0.801231839242251,0.0958112722486409
"209",0.040213426794535,0.959786572779234,0
"210",0.167074679676493,0.610155532605149,0.222769787716937
"211",0.0503099683909111,0.847646119020174,0.102043912588915
"212",0.0989305353764723,0.661744110373695,0.239325354238994
"213",0.186581029932128,0.676435176792005,0.136983793275866
"214",0.126371375557,0.782291158632274,0.091337459788557
"215",0.17709858558738,0.782304114553867,0.0405972998499547
"216",0.0616734753547953,0.873248303964364,0.0650782206800721
"217",0.0707212914003581,0.884565601653329,0.0447131069463132
"218",0.0618896541141811,0.873189872982779,0.0649204729030397
"219",0,0.950084293599201,0.0499157064007974
"220",0.219784824395749,0.695923678365295,0.0842914972389566
"221",0.0499759220044305,0.950024077993335,0
"222",0.132290123647598,0.61426929128078,0.253440585071622
"223",0.0470102826167232,0.90981688761388,0.0431728297693899
"224",0.0837819832779099,0.754139970229937,0.162078046492153
"225",0.045454477669866,0.954545522330134,0
"226",0.156617876553174,0.636422041976573,0.206960081417802
"227",0.0385774867218688,0.884269482615367,0.0771530306627641
"228",0.0593118387609255,0.881380058997332,0.0593081022327854
"229",0.0436040235216765,0.915675852018992,0.0407201244593311
"230",0.0387874098589737,0.883637318975612,0.077575271161274
"231",0.110265307844277,0.777278993838861,0.112455698316862
"232",0.095494873112388,0.716215830912398,0.188289290872997
"233",0.0907747520531986,0.773065040842415,0.136160207103318
"234",0.117934882902305,0.852590730586565,0.02947438651113
"235",0.0894994998685473,0.796687922771199,0.113812577360254
"236",0.100795616528743,0.865605158802189,0.0335992205194329
"237",0.0830465682945486,0.779545856021717,0.137407575683735
"238",0.144698625139864,0.705316848355405,0.149984526504726
"239",0.13857251748035,0.634662131249298,0.226765349572038
"240",0.0672405910159136,0.77293047143861,0.159828936777449
"241",0.188352814716265,0.747177577750142,0.0644696053659914
"242",0.0832005810925992,0.875199037649075,0.0416003812583257
"243",0.259009368217463,0.633144853063889,0.107845778718648
"244",0.125769159244692,0.790565219354098,0.0836656214012101
"245",0.0882640216731304,0.817043689546131,0.0946922887807381
"246",0.144891207460981,0.773683726073817,0.0814250664652026
"247",0.180324968363279,0.747524142907241,0.0721508887294801
"248",0.0870292852655187,0.780073131998312,0.132897569087402
"249",0.0869422177869446,0.695656312596083,0.217401469616973
"250",0.119189019249674,0.834323844710859,0.0464871360390759
"251",0.151596673494552,0.747339472967535,0.101063853537321
"252",8.24942544532174e-08,0.84417016363867,0.155829753867075
"253",0.0794545426862487,0.838782191616294,0.0817632656872048
"254",0.197921327576542,0.729485591277905,0.0725930811455533
"255",0.0959213018920875,0.703363679664496,0.200715018443417
"256",0.139666775198628,0.720666449602742,0.139666775198628
"257",0.0849472698385322,0.838798666411433,0.0762540637500353
"258",0.050005214738284,0.823329343306311,0.126665441894991
"259",0.160937693275518,0.758592158041702,0.0804701486792895
"260",0.112763158366362,0.785483675745446,0.101753139154485
"261",0.0670344330014052,0.886053571098187,0.0469119956140312
"262",0.116541170929868,0.846647648859156,0.0368111802109765
"263",0.120355156796982,0.839523116057703,0.0401217271450519
"264",0.0817527640999568,0.754741737222676,0.163505498677368
"265",0.135042426126063,0.810254986816879,0.0547025866731444
"266",0,0.841019587991662,0.15898040426546
"267",0.152344106762665,0.802982421325492,0.0446734704172089
"268",0.109557207779891,0.890442792180022,0
"269",0.0252062699793392,0.86604491513856,0.108748814882101
"270",0.0660202931201038,0.796846582299991,0.137133124579905
"271",0.117683501832769,0.882316498166267,0
"272",0.140137629032377,0.803088567985297,0.0567738029823261
"273",0.173159337784538,0.656631644418199,0.170209017797257
"274",0.144296556121914,0.812613502145711,0.0430899417323745
"275",0.0964535651980294,0.868208334771122,0.035338100030848
"276",0.0891143812676631,0.910885066484958,4.6041551965079e-07
"277",0.142775819521426,0.78648032357858,0.0707438568999933
"278",0.113192899870553,0.823977679708671,0.0628294204207763
"279",0.0893670103418237,0.774979519258882,0.135653467683786
"280",0.121410607035821,0.71532804911689,0.16326134288488
"281",0.0863339401392252,0.714279828085308,0.199386230732691
"282",0.252118564629543,0.697457424315949,0.0504240110536696
"283",0.0484020355045204,0.854790037596382,0.0968079257696902
"284",0,0.90413311618869,0.0958668837851583
"285",0.0789962668576529,0.788482802987516,0.132520930154831
"286",0.173551042307439,0.781919464050953,0.0445294936416081
"287",6.20881136673502e-23,0.935605217585414,0.0643947824145859
"288",0.0272316326263044,0.737769364688285,0.234999000697791
"289",0.12034396105735,0.780188833645658,0.0994672042993312
"290",0.135611719277382,0.819188156776877,0.0452001225049612
"291",0,0.85763287319988,0.142367126800119
"292",0,0.870241982304109,0.129758017695891
"293",0.0347685383008896,0.899275919880545,0.0659555418058393
"294",0.101815722296265,0.705798322978148,0.192385954725587
"295",0.0525574613073841,0.893334483343673,0.0541080553489425
"296",0.0950076231404323,0.868541294928953,0.036451081615488
"297",0,0.823530568436334,0.176469431558379
"298",0.0790456832469439,0.880329222761618,0.040625093991438
"299",0.146790526769066,0.657626132760907,0.195583340470027
"300",0.0388256768104413,0.88207298429642,0.0791013388931385
"301",0,0.999999999893188,0
"302",0,0.800330296736176,0.199669702408379
"303",0.162799449244001,0.728667898458477,0.108532652297522
"304",0.0857059306356283,0.771376071325566,0.142917998038806
"305",0.161233656569736,0.758149500141194,0.0806168428410393
"306",0.0390184732334709,0.800482928877939,0.16049859788859
"307",0.0504755379561538,0.899051952502935,0.0504725095147305
"308",0.0733448551009415,0.888151521144639,0.0385036237544197
"309",0.174862895869002,0.724085308371891,0.101051795759107
"310",0.197212464153824,0.684536280208116,0.118251255638059
"311",0.0269270498341414,0.88522632909561,0.0878466210702489
"312",0.046051621361582,0.821936359726804,0.132012018911614
"313",0.0869802713306228,0.783349006544439,0.129670721623823
"314",0.0646114435273428,0.761022207540477,0.17436634893218
"315",0.150206096431904,0.751047070777986,0.0987468324950551
"316",0.101030418130449,0.802443655325788,0.0965259265437634
"317",0.167828123473972,0.706303040437831,0.125868836065624
"318",0.100666322898297,0.748336927044497,0.150996750057206
"319",0.078373694807765,0.832712417649892,0.0889138875423433
"320",0.0283025137997621,0.864521026994453,0.107176459204739
"321",0.151727852082554,0.708059740417854,0.140212407499592
"322",0.100671464399063,0.854214546088116,0.0451139895128217
"323",0.0862621755263157,0.654939726945783,0.258798097527901
"324",0.0852063200492033,0.872191151276493,0.0426025286743036
"325",0.035279476760073,0.858876723432055,0.105843797624075
"326",0,0.849239658990965,0.150760341009035
"327",0.111215207249502,0.888784792745819,0
"328",0.124978110279488,0.791703223829478,0.0833186658750544
"329",0.182742225882134,0.817257774117866,0
"330",0.0208866258624732,0.940723296042926,0.0383900780946009
"331",0.19761624459666,0.80238375540334,0
"332",0.0810357586493745,0.813206863687776,0.105757371469314
"333",0.0437107554918401,0.912578576437298,0.0437106680704166
"334",0.154750844723399,0.712037351624266,0.133211803651507
"335",0.248928901726031,0.601723670277739,0.149347427586811
"336",0.171969954378063,0.750765068336256,0.0772649772856636
"337",0.250491895630668,0.624262259185503,0.125245845183829
"338",0.211901060994089,0.741661153419293,0.0464377855838251
"339",0.0917405917709871,0.829500688519128,0.0787587151119944
"340",0.336400905307261,0.576582606577855,0.0870164881147238
"341",0.197605445290596,0.761261817012471,0.0411327376969331
"342",0.091791325473737,0.862515223695755,0.0456934425895682
"343",0.114352517043655,0.774109186892358,0.11153828910279
"344",0.200834546452839,0.664838010073445,0.134327442116874
"345",0.103310558513102,0.896689441486899,0
"346",0.0508155850712737,0.838724344698045,0.110460070230681
"347",0,0.809544319224466,0.190455680747704
"348",0.051439820505735,0.852487537713073,0.096072641779825
"349",0.0770431175761248,0.793747367488058,0.129209514935817
"350",0.0509008123528841,0.814430326714991,0.134668860932125
"351",0.197926420607626,0.802073579392374,0
"352",0.0620238924033026,0.84528823200228,0.092687875594417
"353",0.073320364204818,0.778684058389958,0.147995577312159
"354",0.192997894120742,0.807002105694867,0
"355",0.124242795555952,0.790604371223629,0.0851528332204196
"356",0.0503173361595467,0.748418020630087,0.201264642815817
"357",0.0455197033097634,0.842878038521397,0.111602256803604
"358",0.0625583255822426,0.875860061377204,0.0615816127023446
"359",0.0840631177057916,0.768086930841685,0.147849951452523
"360",0.143556873138077,0.713049815311406,0.143393311550517
"361",0.153028138939471,0.757219990180395,0.0897518660790417
"362",0.134380148161159,0.774472931843712,0.0911469199951293
"363",0.0482957281375705,0.894999457733554,0.056704814128294
"364",0.120526217677235,0.761372178496569,0.118101603826195
"365",0.067415171039368,0.900849387541616,0.031735441419016
"366",0.205661692023709,0.654160377581146,0.140177930395145
"367",0.198120167066347,0.80187982378029,0
"368",0.0687793895975973,0.807492793223964,0.123727817178439
"369",0.182939623501877,0.670501655776861,0.146558720721262
"370",0.191566707979819,0.714952489693386,0.0934808023267946
"371",0.0351614659322663,0.964838534067734,0
"372",0.0419282820663099,0.832955807779717,0.125115910153973
"373",0.0434773075051811,0.777174677626528,0.179348014867163
"374",0.102091021556201,0.813832673090916,0.0840763053528826
"375",0.143629553549083,0.714810476766946,0.141559969511
"376",0.154582127958479,0.809464184086219,0.0359536830318583
"377",0.123888652161468,0.758438865060527,0.117672482778004
"378",0.0760386870064091,0.834880207366932,0.0890811053060181
"379",0.0410194766038958,0.806542822627823,0.152437700768281
"380",0.0925611225985201,0.90743887740148,0
"381",0.0378303852604027,0.77301899593329,0.189150618806307
"382",0.116216829396348,0.80358716844576,0.0801960021578915
"383",0.207227373886898,0.637354881982006,0.155417744131096
"384",0.18329064611641,0.626730812996571,0.189978540887019
"385",0.062058442851644,0.682139080695509,0.255802475784117
"386",0.17393094774368,0.82606905225632,0
"387",0.147058216036629,0.773404761581244,0.0795370169926356
"388",0.0399350248406265,0.796081648754015,0.163983326405359
"389",0,0.81238616216733,0.18761383783267
"390",0.0471906910266456,0.804552843464453,0.148256465508901
"391",0.0284667281975348,0.732487278591622,0.239045993210844
"392",0,0.674995281545665,0.325004718454335
"393",0.0826365220210991,0.752706771307424,0.164656706199655
"394",0.150287273334357,0.799616804138469,0.0500959225267108
"395",0.172831566651818,0.792659317481478,0.0345091158637373
"396",0,0.958233704006488,0.0417662959844836
"397",0.0954899407152794,0.809021836868014,0.0954882219118157
"398",0.0476879290715854,0.814760582739005,0.137551488189409
"399",0.133755386555753,0.744649515193795,0.121595098250452
"400",0,0.876199345946433,0.123800652262193
"401",0.0894711627959758,0.874311194415106,0.036217642788918
"402",0.08838360125859,0.867425341382581,0.0441910573542042
"403",0.0855555540324232,0.700438046268913,0.214006399698664
"404",0.0784917361357969,0.870956773550754,0.0505514862739895
"405",0.0745294813006847,0.81367642058696,0.111794098071006
"406",0.0859546059361742,0.785111949895757,0.128933442157693
"407",0.0244794417002342,0.951028139056686,0.0244924192430796
"408",0.148516819062195,0.673290719267272,0.178192461670533
"409",0.160481613448779,0.839518386543069,0
"410",0,0.908425663671205,0.091574336328795
"411",0.18539216231061,0.783232336283737,0.0313755013859786
"412",0,0.873185208754016,0.126814791245984
"413",0.140958083134519,0.688310857359202,0.170731058898718
"414",0.225365003129211,0.678051554361287,0.0965834425091464
"415",0.106405884116819,0.843649291826912,0.0499448240562691
"416",0.0922743788238263,0.833677400103359,0.0740482210728149
"417",0.0434882048129161,0.869536010049462,0.0869757850887514
"418",0.102573404141237,0.769317440053613,0.12810915580515
"419",0.0831872754725375,0.833626447296241,0.0831862772312214
"420",0.0316120299599057,0.8179807007266,0.150407269243029
"421",0.0791436948992927,0.802140775495675,0.11871552951482
"422",0.115840138723994,0.846136865595475,0.0380229956805315
"423",0.0790337802969964,0.759677772460195,0.161288447242808
"424",0,0.913028053957964,0.0869719460405676
"425",0.109636239540281,0.835538120193393,0.0548256402663266
"426",0.0662386091599603,0.802852903014177,0.130908487825862
"427",0.1110928703356,0.836232363461912,0.0526747662024887
"428",0.0437834555694096,0.866548447494312,0.0896680949215399
"429",0.116784998061336,0.808434467159533,0.0747805347791315
"430",0.0593697379252703,0.890556576403085,0.0500736856716358
"431",0.0716074705517089,0.882052348104722,0.0463401801162368
"432",0.171152162549567,0.738677186169146,0.0901706512812872
"433",0.128598732937302,0.780897546684492,0.0905037203782064
"434",0.0456342599976988,0.891215935680706,0.0631498043215953
"435",0.233154487080748,0.500513348403573,0.266332164515679
"436",0.14017166352202,0.719657093470285,0.140171243007661
"437",0.178449904647988,0.821550095056273,0
"438",0.13282833242001,0.800757024477369,0.066414643102621
"439",0.134183576452249,0.822452586937853,0.0433638366098977
"440",0,0.962389898420658,0.0376101013923809
"441",0.0854946300304585,0.821033216572174,0.0934721533973679
"442",0.173906523672171,0.826093476327829,0
"443",0.130987000368998,0.869012999631002,0
"444",0.032641327452818,0.903685316685446,0.0636733557998871
"445",0.0469853604803401,0.756832585717658,0.196182053802001
"446",0.157436235259201,0.771724422630149,0.0708393417491218
"447",0.107619102470151,0.782923636348383,0.109457261181466
"448",0.135437087129988,0.765786362625981,0.0987765502440307
"449",0.0403139908617429,0.919370849153827,0.04031515998443
"450",0.0892016377294392,0.758224411802552,0.152573950468009
"451",0.0426089922850632,0.723611985796927,0.233779021708471
"452",0.0400691354672678,0.876008985982128,0.0839218785506041
"453",0.101164423893928,0.848251483449181,0.0505840926568909
"454",0.0354075562202148,0.778952641386511,0.185639802393274
"455",0.0852709641319869,0.828768612279366,0.0859604235886475
"456",0.0750901814054896,0.841993092013968,0.0829167265805416
"457",0.092135884516486,0.731666268729319,0.176197846754187
"458",0.0873397495936756,0.801605571695337,0.111054678710987
"459",0.0463902318296599,0.762887759414149,0.190722008727036
"460",0.0375956679640887,0.884629426357213,0.0777749056786983
"461",0.0839292052256495,0.91607079477435,0
"462",0.108974938953155,0.802651753396934,0.0883733044284419
"463",0.0613588516512284,0.81348658979399,0.125154558554782
"464",0.080500211668601,0.919499788331399,0
"465",0.0484641814327495,0.806151748161029,0.145384069807474
"466",0.0840041068576651,0.831993550352391,0.0840023427899441
"467",0.0909337147213244,0.64847848811076,0.260587795541131
"468",0.0915159635879387,0.78532168410136,0.123162352310701
"469",0.0816502744137615,0.74015245131108,0.178197267364674
"470",0.184519059599949,0.635411462957313,0.180069477442738
"471",0.137925036062367,0.758621765583445,0.103453198354177
"472",0.149526371492539,0.69778621611954,0.152687412387921
"473",0,0.905664384528312,0.094335615466932
"474",0,0.750134734158203,0.249865265839151
"475",0.149161849869084,0.750060565406284,0.100777584724632
"476",0.0425113457028763,0.851098610610448,0.106390043672036
"477",0.0448288464675748,0.864499586295415,0.0906715672370099
"478",0.186641394831562,0.813358605168438,0
"479",0.163311557292787,0.782254997265271,0.0544334454412271
"480",0.0517816657254526,0.785212312571385,0.163006021703162
"481",0.0946229241899414,0.858072654056502,0.0473044217535562
"482",0.111491601470265,0.814178203227726,0.0743301952049148
"483",0.0545577502544955,0.781769373575337,0.163672876170167
"484",0.0413839197948496,0.875846103553632,0.0827699766365606
"485",0,0.916669930492018,0.0833300695079816
"486",0.0400676992160102,0.839729237766109,0.120203062949235
"487",3.59555835361866e-08,0.930078999356292,0.0699209646744883
"488",0.208551914982654,0.688081990428855,0.103366094588491
"489",0.0625104339069318,0.789013542886255,0.148476023206813
"490",0.180999043399457,0.716038363738765,0.102962592861778
"491",0.25389404239784,0.689139021879935,0.0569669356990703
"492",0.129818462001595,0.826909310653946,0.0432722273432601
"493",0,0.955175575856108,0.0448244241438875
"494",0,0.769229561360049,0.230770438639951
"495",0.124444680660107,0.73608255908858,0.13947275605793
"496",0.0842503842833905,0.748648162714482,0.167101452915402
"497",0.125685774273858,0.72831885296116,0.14599464415215
"498",0.0474941365707321,0.952505863421503,0
"499",0.144574237024169,0.746993233351395,0.108432528961447
"500",0.213970306029347,0.735115219772318,0.0509144741983359
"501",0.273042370348478,0.605798235483336,0.121159394168186
"502",0.117642761001989,0.705884469618393,0.176472769379618
"503",0,0.866072846285215,0.133927153714786
"504",0.155245108160242,0.776234923535293,0.0685199683044644
"505",0.117097187906266,0.698424619959972,0.184478191981365
"506",0.0555090692624275,0.812242074904874,0.132248855618964
"507",0.117515028691402,0.764972762916397,0.117512208364558
"508",0.0782887559256645,0.921711244074335,0
"509",0.134922263572192,0.809476536236574,0.0556012001911962
"510",0.0929479396400589,0.861677910905827,0.0453741494541145
"511",0,0.913236273633184,0.0867637263668089
"512",0.0850677822852581,0.765067738798256,0.149864473750284
"513",0.0919309315280989,0.812871101989485,0.0951979636026099
"514",0.177360188485628,0.733962272945391,0.0886775385689801
"515",0,0.815252672715408,0.184747327284592
"516",0.104450377582646,0.742581109397607,0.152968513019747
"517",0.0995889649409764,0.900411035059024,0
"518",0.0737026474269905,0.877554200355058,0.0487431522162745
"519",0.119729173779782,0.684653113953879,0.195617712266339
"520",0.147062707200885,0.817841927625494,0.0350953651736217
"521",0.092269261085303,0.786925085070734,0.120805649691829
"522",0.14862470493576,0.747634610295789,0.10374068476845
"523",0.0639183857094748,0.814184538661577,0.121897075628948
"524",0.131605758814933,0.676950922673021,0.191443318512046
"525",0.0176674140715609,0.982332582690442,3.19308038209883e-09
"526",0.0968276073865092,0.839172388099261,0.0640000045142301
"527",0.110894602707557,0.821264499519963,0.0678408977724799
"528",0,0.878500891807461,0.121499108192539
"529",0.0365485810763036,0.92751722338866,0.0359341955350363
"530",0.0423197828134632,0.909281434827748,0.048398782358789
"531",0.146264819596626,0.707966525036175,0.145768655200355
"532",0.181465630878388,0.637068556768974,0.181465812344109
"533",0.0634280692542843,0.821517710667938,0.115054220077111
"534",0.253684173406013,0.690741792384446,0.0555740342095407
"535",0.147179125131891,0.755132615335663,0.0976882595324456
"536",0.0962064748806873,0.812305630722129,0.0914878943971838
"537",0,0.75903459854861,0.24096540145139
"538",0.184922163318784,0.774955026793395,0.0401228098878216
"539",0.121745121011435,0.742866749412235,0.13538812957633
"540",0.113115984282455,0.753432703268955,0.133451311291869
"541",0.204335826740923,0.713932806837855,0.081731366399133
"542",0.194631489977489,0.646702888950219,0.158665621072292
"543",0.143071594762926,0.822112434759272,0.0348159692371005
"544",0.0415768193140024,0.87527820459307,0.083144976086613
"545",0.148322569934209,0.816885083767854,0.0347923462979371
"546",0.0875489002055746,0.864427550698979,0.0480235490952961
"547",0,0.8697907607116,0.130209237759772
"548",0.117581826873212,0.804031534264603,0.078386638860257
"549",0.233791930852936,0.646985922021093,0.119222147125971
"550",0.0416608185872178,0.833361136037706,0.124978045375071
"551",0.201805973176005,0.798194024977715,0
"552",0.0845973367042939,0.828198437990152,0.0872042253055542
"553",0.11130672361435,0.779132145513056,0.109561130872594
"554",0.117889284959035,0.648394897825847,0.233715817215118
"555",0.0724051609866544,0.832661819877744,0.0949330191356016
"556",0.193125017006861,0.806874979112036,0
"557",0.0542833758558403,0.804076992489953,0.141639631616626
"558",0.193687418671647,0.767578393530573,0.038734187796353
"559",0.0720558523415977,0.927944147658402,0
"560",0.142536050812592,0.688424019750885,0.169039929436524
"561",0.195481252697888,0.755601771938082,0.04891697536403
"562",0.181548054286305,0.75790449417213,0.0605474515386801
"563",0.143671885950196,0.784967354187571,0.0713607593903069
"564",0.206915987697048,0.555135847656523,0.237948164646429
"565",0.0918269658193824,0.862259267498978,0.0459137666816017
"566",0.131788156604169,0.684604814869882,0.183607028525949
"567",0.138851378251513,0.79901134118836,0.0621372805601274
"568",0.104799587722062,0.685601693876883,0.209598718401056
"569",0.0936728245366855,0.843870562517941,0.0624566128257288
"570",0.156999836012442,0.607885633113664,0.235114530873894
"571",0.0828522997447253,0.841620753637711,0.0755269466175638
"572",0.0426303796867509,0.756117764578224,0.201251855735025
"573",0.142857812559846,0.857142187440154,0
"574",0.200145259050301,0.760599089319431,0.0392556505990983
"575",0.0526315177753562,0.842104518308805,0.105263963915838
"576",0.214798148473498,0.731501113612908,0.0537007379135876
"577",0.064305455747083,0.751374710425009,0.184319833827908
"578",0.0665492279951532,0.734342061866721,0.199108707496471
"579",0.132410151694785,0.823453692090674,0.0441361561986994
"580",0.158650565807358,0.731439188507312,0.10991024568533
"581",0.0893416512165581,0.910658348783442,0
"582",0.0894926885107769,0.910507311489223,0
"583",0.084751168254697,0.805207115677337,0.110041716067966
"584",0.0502041540613606,0.83928620404544,0.110509641826585
"585",0.123894547565288,0.774353727085312,0.1017517253494
"586",0.0537203833691964,0.829767472613708,0.116512144017058
"587",0.0746097290429348,0.85240512686637,0.0729851440906947
"588",0.0417416618896863,0.916516175317679,0.0417421627926343
"589",0.0841055842661062,0.826279393473405,0.0896150222604894
"590",0,0.9999999998745,0
"591",0.103041238175503,0.763417664079931,0.133541097744566
"592",0,0.878128957256254,0.121871042743746
"593",0.113066222585153,0.66414911007658,0.222784667338267
"594",0.284141534215591,0.715858465784405,0
"595",0.0786135578712856,0.724852493244962,0.196533947374038
"596",0.0373472486791178,0.777505910268385,0.185146841052497
"597",0.0724707798810722,0.814727290609623,0.112801929509305
"598",0.0950394470765192,0.871897645320473,0.0330629076030075
"599",0.163570930568415,0.836429069431585,0
"600",0,0.88117265230196,0.118827347688744
"601",0.157084334572676,0.628354076716668,0.214561588710657
"602",0.112924822470201,0.857829455087152,0.0292457220837814
"603",0.0569970121769116,0.879372731780959,0.0636302412387804
"604",0.200191120833387,0.742674986092684,0.0571338930667949
"605",0,0.90171082708088,0.0982891729191201
"606",0.124333391935538,0.808434452137076,0.0672321531307636
"607",0.105956313868452,0.825595443623598,0.0684482425079502
"608",0.0805959914421616,0.838570716239477,0.0808332923183614
"609",0,0.821611661308989,0.178388338691011
"610",0.0472585539980204,0.854471948929323,0.0982694970726571
"611",0.0835179425668521,0.916482057427654,0
"612",0.141798267658149,0.753265230278224,0.104936499151654
"613",0.125016794939496,0.793892520752373,0.0810906843081304
"614",0.151224273445783,0.848775726554217,0
"615",0.116618421057254,0.883381578942746,0
"616",0,0.896258811685756,0.103741188314244
"617",0.0460088910533561,0.708277992625973,0.245713116320671
"618",2.13855589137496e-40,0.825928776947959,0.174071223052041
"619",0.151582374683564,0.723957149215391,0.124460476101045
"620",0.127370525917384,0.789855775112287,0.0827736989703288
"621",0,0.86307508712222,0.13692491287778
"622",0,0.857704041917617,0.142295958082383
"623",0.13529522599344,0.797186975145287,0.0675177988612732
"624",0.126308385714282,0.757855263649425,0.115836350369915
"625",0.055146843441569,0.889276764479503,0.0555763920787954
"626",0.128703213543713,0.812072062828804,0.0592247236274835
"627",0.227985642230442,0.721687813635356,0.0503265441342012
"628",0.0895651738722286,0.878322255559648,0.0321125705681236
"629",0.0834109217098912,0.916589078290109,2.19897812731409e-116
"630",0,0.738464885806443,0.261535113790242
"631",0.21230323968164,0.523356370367393,0.264340389950967
"632",0.0914042538204997,0.771488694737529,0.137107051441972
"633",0.0966072630019533,0.821156674304911,0.0822360626931361
"634",0.0363363115994536,0.835735822063277,0.127927866337269
"635",0.0824652478125798,0.879019398226998,0.0385153539604225
"636",0,0.787636623772874,0.212363376219942
"637",0,0.959874788404663,0.040125211289176
"638",0.185584677833193,0.639898303000761,0.174517018161188
"639",0.0424718420691487,0.872583469722613,0.0849446881310133
"640",0.0959844082533821,0.778822188913686,0.125193402832932
"641",0.0679683353036683,0.851746493253678,0.0802851714426538
"642",0,0.955907649574208,0.0440923504190514
"643",0.0555764735744534,0.678792832723422,0.265630693701008
"644",0.0989236742337147,0.803544515352146,0.0975318104141398
"645",0,0.808365593601958,0.191634406398042
"646",0.114420480474141,0.850510781185197,0.0350687383406622
"647",0.0418215657831934,0.843063376012695,0.115115058204111
"648",0.193007998060587,0.708111543623099,0.0988804583163142
"649",0.117174831817432,0.843766762365558,0.0390584057223996
"650",0.0455186959188342,0.90694802200947,0.0475332820716959
"651",0.0959571042773268,0.754340804438097,0.149702091284576
"652",0.0466007325238261,0.857761647178899,0.0956376202972744
"653",0,0.917949992055074,0.0820500079354694
"654",0.130268822463424,0.850436868565382,0.019294308971194
"655",0.155933716992152,0.844066283007848,0
"656",0.0767724059637426,0.810174193495402,0.113053400540856
"657",0.0385037013769967,0.914775222233138,0.0467210763391102
"658",0.0924549308366537,0.783053712190791,0.124491356971948
"659",0.181866009448722,0.723495411612312,0.0946385789389651
"660",0,0.861658052450215,0.138341947549785
"661",0.0566176454893645,0.702748935052594,0.240633419458042
"662",0.0869568267629734,0.869566447630431,0.0434767256065842
"663",0.0390412702029691,0.873115890682963,0.0878428389636225
"664",0.0835212826322112,0.87471706624316,0.0417616511240051
"665",0,0.810440812231014,0.189559187768987
"666",0.0362112383273337,0.81893893585936,0.144849825813307
"667",0.115369560228366,0.730771293710185,0.153859145319945
"668",0.116316521223737,0.839708750727123,0.0439747280491398
"669",0.0699103732655282,0.826324075453903,0.103765551280569
"670",0.0790609342888559,0.806270162270524,0.11466890344062
"671",0.0696786539518635,0.861005605439889,0.0693157404128761
"672",0.127434933146055,0.776987999873754,0.0955770669739398
"673",0.128887916328272,0.829558109651938,0.0415539740197906
"674",0.0935348136537822,0.766189635889896,0.140275550426144
"675",0.0821405084929844,0.78952484230697,0.128334649200046
"676",0.0506936901981288,0.810815433391212,0.138490876410659
"677",0.182635280336912,0.707784140242742,0.109580579069727
"678",0.0492912159935464,0.809551904766385,0.141156879240069
"679",0.0784728918537241,0.685937995755763,0.235589112390508
"680",0.0599327963948303,0.810307556028601,0.129759647576569
"681",0.0875544819773013,0.787970971330238,0.124474546692461
"682",0,0.817095676293028,0.182904323706972
"683",0.136763468973854,0.751350256503767,0.111886272339619
"684",0,0.844745015582869,0.15525498427246
"685",0.133119165078647,0.816135753008343,0.0507450819130098
"686",0.062500795565017,0.750000059378444,0.187499145056539
"687",0.0368514143398477,0.760414742994442,0.20273384266571
"688",0.09866083603163,0.865285118718555,0.0360540452498155
"689",0,0.819635510954893,0.180364489045107
"690",0.0944292612559324,0.749443548668697,0.156127190075371
"691",0.160780384466787,0.763732320668483,0.0754872948647305
"692",0.0842708237177519,0.807364875684929,0.108364300597319
"693",0,0.945528273302003,0.0544717266867261
