"A","B","C"
"1",1,4.3191372073896e-34,0
"2",0.739262776137433,0.195551826435443,0.0651853950245918
"3",0.941507842916695,0,0.0584921570833052
"4",1,2.81054539554075e-92,0
"5",0.833333206604177,0,0.166666793393232
"6",0.756804625674459,0,0.24319537432554
"7",0.99999999975925,0,0
"8",0.999999999521708,0,0
"9",0.589773185652484,0.205112381606719,0.205114432740797
"10",0.797270993777031,0.0674017942365019,0.135327211986467
"11",0.99999999785243,0,0
"12",0.592635144529531,0.237940094696531,0.169424760773938
"13",0.999999999334481,0,0
"14",0.943955076390902,0,0.0560449236090982
"15",0.482976360690912,0.407932496020669,0.109091143288418
"16",0.84647411072011,0.0694537884615819,0.0840720876562124
"17",0.711978639776938,0.217012056227385,0.0710093039956774
"18",0.914651006975186,0,0.0853489869131806
"19",0.928024074973536,0.0719759240793439,0
"20",0.909160711985108,0.0908392880148921,0
"21",0.55224464718483,0.263673382451508,0.184081970363662
"22",0.904297761554431,0,0.0957022384443285
"23",0.735295591831567,0.0855570653345349,0.179147337917447
"24",0.850041298089633,0.149958701715552,0
"25",0.816812270698356,0.0915943226201455,0.0915934066814987
"26",0.864615405616594,0.0786012647502496,0.056783329633157
"27",0.684034210939392,0.230461295368412,0.0855044936921953
"28",0.769797921638676,0.169089479782539,0.0611125985787843
"29",0.670852006740241,0.0833230778958935,0.245824915363817
"30",0.99999999930531,0,0
"31",0.816183465530942,0.183816534469058,0
"32",0.722648615139892,0.0693347410566991,0.208016643750123
"33",0.928829183639303,0.071170816280396,0
"34",0.789774456373866,0.0700752319056705,0.140150298355415
"35",0.699997421865656,0.160331997850394,0.13967058028395
"36",0.608270468126228,0.391729531873772,0
"37",0.857142922135314,0,0.14285707786467
"38",0.875895515691731,0,0.124104482236331
"39",0.924711193902397,0.0752888060674593,0
"40",0.913285862403079,2.22781161222314e-13,0.0867141375966978
"41",0.804998446034676,0.0975007769826622,0.0975007769826622
"42",0.916666034713151,0,0.0833339652852543
"43",0.576536251975054,0.212330117293085,0.211133623677021
"44",0.922299978887154,0,0.077700020977181
"45",0.777777838434858,0.111111136338111,0.111111025227031
"46",0.749998820794044,0,0.250001179100847
"47",0.913587040880359,0.0864129590982284,0
"48",0.806527242796557,0.133984038346095,0.0594887176971102
"49",0.915984566374474,0,0.0840154336248917
"50",0.769505659666548,0,0.230494340328101
"51",0.820555561547106,0,0.179444438452892
"52",0.999999999453455,0,0
"53",0.928197017128452,0.0718029824285265,0
"54",0.999999999941083,0,0
"55",0.6830231476705,0.3169768523295,0
"56",0.643792653293239,0.15580647734659,0.200400869360171
"57",0.851253695715572,0,0.148746304284428
"58",0.831636764094409,0.168363235905591,0
"59",1,0,0
"60",0.746078374970838,0,0.253921624633562
"61",0.999999997082051,0,0
"62",0.928251382749329,0.0717486172506712,0
"63",0.88304252900375,0.116957469908855,0
"64",0.929518208160819,0,0.0704817912396171
"65",0.50576918393672,0.247030153219251,0.247200662844029
"66",0.670140779906113,0.135315326894263,0.194543893199624
"67",0.668450460258598,0.0865240394440243,0.245025500297378
"68",0.750140004056583,0.0998323082796135,0.150027687618305
"69",0.698595144051704,0.301404851127871,0
"70",0.833332789933362,0,0.166667210059873
"71",0.567558021098801,0.216222719218515,0.216219259682684
"72",0.86049171532374,0,0.13950828467626
"73",0.798952384300986,0.0624747421757684,0.138572873523103
"74",1,0,0
"75",0.716601730735215,0.283398269229168,0
"76",0.713942116505093,0.153695579526785,0.132362303968121
"77",0.941350080615544,0.0586499135329236,0
"78",0.833329987005275,0.0833372565417058,0.0833327564513562
"79",0.749995820851443,0.250004179148557,0
"80",0.819298205723916,0,0.180701794276084
"81",0.999999999959822,0,0
"82",0.82970485550502,0,0.170295138703594
"83",0.999999999155797,0,0
"84",0.769943220074959,0.131403372544628,0.0986534073803001
"85",0.777762490962536,0.112672704546833,0.109564804490632
"86",0.850076581132767,0.0749656824042131,0.0749577364630204
"87",0.932324705493564,0.0676752920156562,0
"88",0.798725873382435,0.0853730775368598,0.115901048832737
"89",0.797653269018406,0.13588215504101,0.0664645686256604
"90",0.839263723493476,0.160736276506524,0
"91",0.79908870986146,0.13393732487402,0.0669739652631382
"92",0.811680001556023,0.0875444072223059,0.100775591221671
"93",0.85500505835995,0.0772894438240076,0.0677054978160423
"94",0.99999999893749,0,0
"95",0.830814947296847,0,0.169185049491754
"96",0.887766710155386,0.0623296973179722,0.049903592526642
"97",0.876647549101378,0.0616761327792037,0.0616763178078797
"98",0.867896871281948,0.132103128718052,0
"99",0.999999999114181,0,0
"100",0.748787796029085,0.0969635977356909,0.154248606235224
"101",0.877085339653158,0.122914660346813,2.81403647106309e-14
"102",0.840160305696017,0.0799173290705768,0.0799223640209073
"103",0.99999999999987,0,0
"104",0.880827661257094,0.0595861991643361,0.0595861395781666
"105",0.999999997415072,0,0
"106",0.971973553132222,0.0280264468677784,0
"107",0.63950468778551,0.360495311604967,0
"108",0.623844841621305,0.262547412876238,0.113607745502456
"109",0.428571571650744,0.214287753097904,0.357140675237248
"110",0.787304429443788,0.076373669467609,0.136321899388824
"111",0.912270793249908,0.0877292062475053,0
"112",0.941408360825742,0.0585916391742056,0
"113",0.766920143219214,0.105261178947075,0.127818677833435
"114",0.690833740736117,0.309166259263883,0
"115",0.763285968412397,0,0.236714022362445
"116",0.848821331318999,0.076800927594392,0.0743777410866091
"117",0.714998094574787,0.204081592631541,0.0809203127936717
"118",0.855068969921883,0.0483103166099159,0.0966207123946813
"119",0.912235730572582,0.0877642667503382,2.63816049249009e-09
"120",0.873956112492578,0,0.126043887507422
"121",0.535735360777825,0.371411387423115,0.0928532517990601
"122",0.811876107025372,0,0.188123892974628
"123",0.741497957143381,0.0675996230291604,0.190902419827459
"124",0.72564237315817,0.0914525532890545,0.182905073552775
"125",0.595238461255536,0.404761538744419,0
"126",0.931846462693358,0,0.0681535373066406
"127",0.612248248236357,0.0816401221903882,0.306111628557878
"128",0.900001208033235,0,0.0999987919667438
"129",0.726562215572063,1.51915969325118e-27,0.273437784427937
"130",0.756468758718748,0,0.243531241281252
"131",0.769230478232765,0.153846236021041,0.0769232857461732
"132",0.81562154496634,0,0.184378452887747
"133",0.793767867649784,0.0915239842037249,0.114708148146491
"134",0.684571200083915,0.102066713864061,0.213362086052024
"135",0.553695951117351,0.15908771414334,0.287216334739309
"136",0.691668863863167,0.308331135484731,0
"137",0.500000749999894,0.499999249999894,0
"138",0.891277784662159,0,0.108722215337841
"139",0.792904704744393,0.207095293799236,0
"140",0.875544853198993,0,0.124455146502657
"141",0.699467409595404,0,0.300532590404596
"142",0.804363195357155,0.195636804642845,0
"143",0.896102503022538,0,0.103897496977461
"144",0.747205435400855,0.252794564599116,5.13790839789018e-16
"145",0.794816718491008,0,0.205183262929022
"146",0.874531106813129,0,0.125468893186871
"147",0.908024155565959,0.0919758443622267,0
"148",0.905825479416113,0,0.0941745203052041
"149",0.733565215292556,0.266434784707444,0
"150",0.902069100288094,0.0979308997119063,0
"151",0.89084922859814,0.0384614021637902,0.0706893692380696
"152",0.749506872498475,0.115309577177668,0.13518355031582
"153",0.999999999999592,0,0
"154",0.833458377163514,0.0555144731108238,0.111027149725662
"155",0.899017021938297,0.100982978061703,0
"156",0.831286290927589,0,0.168713709072411
"157",0.799999942220809,0,0.200000057779188
"158",0.803817091516654,0.0980921894528253,0.0980907180810187
"159",0.846709301779147,0.0766453107877219,0.0766453874330711
"160",0.609295082344741,0.247315706942881,0.143389210712378
"161",0.607765856822834,0.20332886724411,0.188905275933056
"162",0.999999984853586,0,0
"163",1,0,0
"164",0.394504399380924,0.196803406124814,0.408692194494262
"165",0.811373430168618,0.0628749859256087,0.125751583905773
"166",0.748181058678915,0.0714769489734495,0.180341992347635
"167",0.770356657218625,0.155418518702105,0.0742248202384756
"168",0.60529512190972,0.197315928844333,0.197388949245947
"169",0.855733535515635,0,0.14426646448158
"170",0.797066051295364,0.202933948704636,0
"171",0.84799160675378,0.15200839324622,0
"172",0.700809716101136,0.172578016505533,0.126612267389339
"173",0.923080427160816,0,0.0769195728391735
"174",0.874999327444776,0.125000672554369,0
"175",0.784017168842273,0.215982831157727,0
"176",0.968463280408414,0.0315367195915857,0
"177",0.882059774529867,0,0.117940212848144
"178",0.570137948570947,0.429862051428052,0
"179",0.740267240024194,0,0.259732759975806
"180",0.563716337912197,0.284616078179194,0.151667583908609
"181",0.924386399660312,0.0756136003396851,0
"182",0.798786955232365,0,0.201213044767635
"183",0.709380306136658,0.0542417973820743,0.236377896481268
"184",0.855036230845691,0,0.144963769154309
"185",0.701136199318188,0.211222517068211,0.0876412836136013
"186",0.778093918723342,0,0.221906081276658
"187",0.999999999992452,0,0
"188",0.653892798339457,0.108981966229913,0.23712523543063
"189",0.858159890387006,0.141840109612994,0
"190",0.732325073939851,0.0674848079719093,0.200190118088239
"191",0.942344484820764,0.0576555148408041,0
"192",0.857139003724685,0.142860996275315,0
"193",0.909079578366611,0,0.0909204215351067
"194",0.828069128974718,0.0919935660164909,0.079937305005583
"195",0.668491448784749,0.331508551215251,0
"196",0.817369758095347,0,0.182630241904653
"197",0.911212961401187,0,0.0887870349543343
"198",0.814563969205542,0.185436028543085,0
"199",0.733513719344671,0.0817645929887553,0.184721687666574
"200",0.685437288210946,0.200815788263443,0.113746923525611
"201",0.598624934203023,0.160550132969769,0.240824932594432
"202",0.873713563474205,0.126286431310138,0
"203",0.741460075065931,0.164803081653934,0.0937368432801348
"204",0.775876946836096,0.0679763556678815,0.156146697496022
"205",0.908969340651597,0.0910306592812773,0
"206",0.780312229602527,0.117891432094616,0.101796338302857
"207",0.691029907761037,0.120507393113171,0.188462699125792
"208",0.729794971046248,0.0916628922882022,0.17854213666555
"209",0.876346688399816,0,0.123653311600184
"210",0.771262548569286,0.228737451430714,0
"211",0.659376208096819,0.212445237410189,0.128178554492992
"212",0.674235742258355,0.108587881808912,0.217176375932734
"213",0.909086851638158,0,0.0909131482529076
"214",0.754409965069415,0.122795447247852,0.122794587682729
"215",0.769449629690141,0.110864029684845,0.119686340625014
"216",0.910087871981973,0.0449561763991737,0.0449559516188535
"217",0.685529228306192,0.314470771693808,0
"218",0.74704994773964,0,0.25295005226036
"219",0.750380397461279,0.187215671265478,0.0624039312732434
"220",0.559882248470604,0.153351472239259,0.286766269228942
"221",0.842570115607028,0.0580890328113893,0.0993408515815827
"222",0.664643850818423,0.159898035588114,0.175458111676591
"223",1,0,0
"224",0.918988091367458,0,0.0810119086325419
"225",0.701621169910333,0.0890024248051964,0.209376405284471
"226",0.74999938337422,0.250000616625777,0
"227",0.33333515123801,0,0.666664848761954
"228",0.938646746207394,0,0.0613532537925823
"229",0.850083613738924,0,0.149916386261075
"230",0.868833728057134,0.131166271942866,0
"231",0.727366583477273,0.124658823269705,0.147974593253022
"232",0.818181610396818,0,0.181818389603173
"233",0.841887200199442,0.0641296001890617,0.0939831996114962
"234",0.780017179449508,0.146655301339761,0.073327517254737
"235",0.902086855281306,0.097913144718694,0
"236",0.673269537995447,0.138294400763528,0.188436061241025
"237",0.923389217322995,0,0.0766107826770049
"238",0.777777752015103,0.111111123992431,0.111111123992431
"239",0.791670095638987,0.141240591523472,0.0670893128375409
"240",0.682112068623253,0.204511450757262,0.113376480619485
"241",0.791089106784655,0.143834971657549,0.0650759215560345
"242",0.868904575393431,0.065547384564723,0.0655480400418463
"243",0.698222690702818,0.210674458848814,0.0911028504483686
"244",0.849576880342278,0.0752169374553796,0.0752061822023423
"245",0.779826066324446,0.129757964413551,0.090415969262003
"246",0.595954377422034,0.105956021465505,0.298089601112461
"247",0.86679750704363,0.0661133301944409,0.0670891541371364
"248",0.68528320068233,0.314716799262009,0
"249",0.843643321188483,0.156356678811517,0
"250",0.928624911879634,0.0713750881198014,0
"251",0.838287763749582,0,0.161712236051121
"252",0.999999999386491,0,0
"253",0.833577738730681,0.0832096199602109,0.0832126155604499
"254",0.777842029840854,0.0729796370039519,0.149178333155174
"255",0.963948659909239,2.65006845776459e-12,0.0360513400793209
"256",0.841162984100879,0.0529456777158911,0.105891336312046
"257",0.799994822170542,0.200005177829448,0
"258",0.70529284047972,0.120362508493727,0.174344651026254
"259",0.722561730476316,0.147403372062261,0.130034897461422
"260",0.866504554015153,0.133495445984847,0
"261",0.792938089331655,0.10353100645609,0.103530902925135
"262",0.796690595286442,0.135680436847861,0.0676289666312291
"263",0.910601624745762,0,0.0893983751678069
"264",0.733957294079426,0.266042705920574,0
"265",0.789342877695182,0,0.210657122304818
"266",0.840610832093077,0.159389167906923,0
"267",0.903276472434141,0.0967235275658589,0
"268",0.666282687093734,0.0981440243052333,0.235573280659236
"269",0.711645650172004,0,0.288354349827997
"270",0.925122727463255,0,0.0748772725367448
"271",0.857142799686283,0.142857200313637,0
"272",0.914523368655044,1.71063201008768e-206,0.0854766313449558
"273",0.654820014226087,0.0732021952618217,0.271977790512091
"274",0.740819063049265,0,0.259180936950735
"275",0.865006570970214,0,0.134993429029786
"276",0.916671992895379,0.0833280071046207,0
"277",0.591991605919678,0.197929014857556,0.210079379222766
"278",0.962053361650716,0.0379466383396891,6.84295006391598e-15
"279",0.999999997198582,0,0
"280",0.869628155154824,0,0.130371844845176
"281",0.887599874796834,0,0.112400125049649
"282",0.646301590675193,0.250755222330924,0.102943186993883
"283",0.794153850043455,0.137231352819079,0.0686147968006267
"284",0.895092492637894,0,0.10490750494689
"285",0.663645553955948,0.2626160823266,0.0737383637174518
"286",1,0,0
"287",0.717545928737329,0.282454071261177,0
"288",0.91710460280948,0,0.0828953970460355
"289",0.999999999627835,0,0
"290",0.752863897109764,0.0692729476327143,0.177863155257522
"291",0.715545948445155,0.141344873532926,0.143109177157546
"292",0.549325452722477,0.329597125205378,0.121077407919584
"293",0.869915857457621,0,0.130084142542379
"294",0.563556822549043,0.124678343274784,0.311764834176147
"295",0.74506669590077,0.186420288287283,0.0685130158119472
"296",0.87912466623908,0,0.12087533376092
"297",0.905456825964323,0,0.0945431738600871
"298",0.947306770240293,0,0.0526932297597047
"299",0.856230710138294,0.143769289861706,0
"300",0.781005630929519,0.126892765001524,0.0921016040689576
"301",0.886857577285857,0,0.113142422663859
"302",0.837365185992621,0.0695928810811825,0.0930419325150493
"303",0.708069822789816,0.11801169250602,0.173918484331691
"304",0.749999195873859,0.25000080412613,0
"305",0.916563386290341,0,0.0834366136939361
"306",0.714286752562735,0.142856909431744,0.142856338005249
"307",0.848063262280376,0.15193673768266,0
"308",0.67439957372072,0.108538046945064,0.217062379334216
"309",0.79014773231125,0.0907229113353739,0.119129356353376
"310",0.83463447753401,0.0379365822549363,0.127428940211054
"311",0.999999997189611,0,0
"312",0.761481416185713,0.143332308187895,0.0951862756263921
"313",0.830601726447605,0.0847012542546165,0.0846970192977784
"314",0.874622258368591,0.125377738488535,0
"315",0.825307390199289,0,0.174692609294582
"316",0.599997094050496,0,0.400002905949461
"317",0.796185831948749,0.126036634642126,0.0777775334091252
"318",0.930165216114717,0.0698347838852825,4.60106692620875e-175
"319",0.897198667272227,0,0.102801332727773
"320",0.841024808954034,0,0.158975191045966
"321",0.772884057641901,0.110411914280086,0.116704027145067
"322",0.697463466648193,0.215558888078245,0.0869776452735623
"323",0.730657076019088,0.202007784427273,0.0673351395536393
"324",0.696132867082354,0.303867132917646,0
"325",0.749680685060284,0.250319314939716,0
"326",0.807197259903221,0.101068557577378,0.0917341825194009
"327",0.825383044884383,0.0582055421071089,0.116411412428754
"328",1,3.87352475842825e-31,0
"329",0.887578223777105,0,0.112421776177942
"330",0.693851142640418,0.306148857359582,0
"331",0.916645789274072,0,0.0833542107148898
"332",0.758442601055457,6.49631955531338e-64,0.241557398944543
"333",0.849550637872325,0.150449359880387,0
"334",0.733882696570483,0.266117303428364,0
"335",0.918101625377222,0,0.0818983699326461
"336",0.720002620867079,0.144002959593386,0.135994419539534
"337",0.827624287018869,0.0861878564905653,0.0861878564905653
"338",0.911672795746219,0,0.0883272042537812
"339",0.811256229729678,0.0991868006190944,0.0895569689317809
"340",0.906368150974529,0.093631846983197,0
"341",0.746946668269581,0.08276487761713,0.170288454113289
"342",0.999999999996832,0,0
"343",0.793558119919162,0.127883127741002,0.0785587523398368
"344",0.833827619022373,0.166172380977627,0
"345",0.757712576353016,0.134665527064301,0.107621896582684
"346",0.909290621037915,0,0.0907093789620852
"347",0.868651317630424,0.0656738483095665,0.0656748334246796
"348",0.830598234305695,0.169401765694305,0
"349",0.857143044584202,0.14285695541578,0
"350",0.771305457795692,0.0988945844224489,0.129799957781859
"351",0.999999999999379,0,0
"352",0.861841620125534,0.0690790512031191,0.0690793275198766
"353",0.88301009663911,0,0.11698990336062
"354",0.789474683997852,0.0526311825014241,0.157894133500718
"355",0.959481718702647,0.0405182812973528,5.45943301365336e-106
"356",0.764383473880924,0.235616525711581,0
"357",0.84623066521627,0.0846230743910686,0.0691462603482552
"358",0.717786845505186,0,0.282213154494814
"359",0.705294561687011,0.193949057339429,0.10075638097356
"360",0.958526001472506,0.0414739985274943,0
"361",0.999999999999918,0,0
"362",0.779476421631693,0.110261237875208,0.1102623404931
"363",0.792019814814417,0.0803551681193494,0.127625017066234
"364",0.760670678839181,0.239329321160819,0
"365",0.643270606921938,0.249516610040252,0.10721278303781
"366",0.999999999932749,0,0
"367",0.640342808511391,0.27357851927646,0.0860786722121494
"368",0.448131417192641,0.442033880275246,0.109834702532114
"369",1,0,0
"370",0.649530868107117,0.28173428104685,0.0687348508460327
"371",0.894652501557181,0.105347496514804,0
"372",0.861235440952559,0.0662477112851692,0.072516847750585
"373",0.705239229908528,0.294760770078179,0
"374",0.772865029012899,0.227134970987101,0
"375",0.909168474907997,0.0908315250869004,0
"376",0.927922747882401,0.0720772516567459,0
"377",0.933333437268298,0,0.0666665627316906
"378",1,0,0
"379",0.708850217901709,0.11379746505051,0.177352317047781
"380",0.824143114551185,0.0786472133250732,0.0972096705270116
"381",0.584818500287209,0.219495458736408,0.195686040976383
"382",0.800010182024162,0,0.199989817973013
"383",0.832968923205911,0.0976183350012486,0.0694127337697166
"384",0.835028410651337,0.0707769051475312,0.0941946842011318
"385",0.674928403253176,0.228653239053274,0.09641835769355
"386",0.765527192818295,0.0787442089151955,0.15572859826651
"387",0.901234131794656,0,0.0987658682053437
"388",0.845117657959674,0.0670424404129983,0.0878399016273279
"389",0.78542611490441,0.0761325874532869,0.138441297642304
"390",0.874763756485129,0,0.125236237954163
"391",0.999999999973655,0,0
"392",0.924036316623694,0,0.0759636832856725
"393",0.888883699476758,0,0.111116300518309
"394",0.920601735044245,0.0793982649556102,0
"395",0.89314975586956,0.10685024413044,0
"396",0.751747426328617,0.125291421802973,0.122961143417603
"397",0.769227517063671,0.0769426844345204,0.153829798501418
"398",0.673946883983471,0,0.326053116016529
"399",0.739399059016664,0.173733197350253,0.0868677436330831
"400",0.695778296305929,0.155216523789782,0.149005179904288
"401",0.824086552357993,0.108903869691265,0.0670095779507419
"402",0.886829811857265,0.0565835379812807,0.0565866501614541
"403",0.850028130454259,0.0859202416785432,0.0640516278671976
"404",0.643936768749141,0.289195096894767,0.0668681343560917
"405",0.724761918694014,0.0650267818121874,0.210211299493799
"406",0.78788440509547,0,0.21211559490453
"407",0.626934762848045,0.133754828856629,0.239310408295327
"408",0.770112022666315,0.0574720066419507,0.172415970154853
"409",0.785495498032829,0,0.214504501967171
"410",0.726409809346331,0,0.27359019038564
"411",0.700107100411636,0.101022506022924,0.19887039356544
"412",0.847892835099659,0,0.152107157209187
"413",0.928571205882333,0,0.0714287941176673
"414",0.531431512145531,0.38324188057137,0.0853266072830989
"415",0.780150139012181,0.15951123953937,0.060338621448449
"416",0.807916731498805,0.154774775379775,0.0373084931131756
"417",0.927085075954643,0,0.0729149240051507
"418",1,0,0
"419",0.582710367012525,0.155875134259613,0.261414498727862
"420",0.800047138053866,0,0.199952861946134
"421",0.714285382348185,0.214286001345897,0.0714286163058282
"422",0.948175912700732,0,0.0518240872992684
"423",0.895900378604384,0.10409960926963,0
"424",0.862726092783281,0,0.137273907013817
"425",0.803774562418341,0.137634804728921,0.0585906328517124
"426",0.892183584325775,0.107816415411662,0
"427",0.55659842590935,0.352913865840479,0.0904877082501706
"428",0.741962892881947,0.17202472772511,0.0860123793929437
"429",0.688384564791578,0.155772660868342,0.15584277434008
"430",0.56925764311964,0,0.43074235688036
"431",0.86163710437508,0.0742757255268273,0.0640871700980926
"432",0.768151617559576,0.0772814638868854,0.154566918553539
"433",0.800000262220689,0,0.199999737779311
"434",0.718458887680788,0,0.281541112319212
"435",0.782498307104249,0.142043274186438,0.0754584187093133
"436",0.669569126061127,0.0927123241260946,0.237718549812779
"437",0.743619376821644,0.17091858185817,0.0854620411011704
"438",0.272165123433474,0.216144886477949,0.511689990088577
"439",0.636077550568768,0.272562103465527,0.0913603421306412
"440",0.83882039079705,0.0774947047499989,0.083684904452951
"441",0.845344408839103,0.0863784418233411,0.0682771480596743
"442",0.844774913292958,0.155225083793724,0
"443",0.832741256249264,0,0.167258743750736
"444",0.74517057298123,0.167253754835815,0.0875756638307486
"445",0.560004700160347,0.263997379467465,0.175997920008967
"446",0.622026003773035,0.251982816973715,0.12599117925325
"447",0.884282018477252,0.115717981522748,0
"448",0.80562073038521,0.0647928380885234,0.129586430295315
"449",0.787829834175075,0.0707234442702414,0.14144672155405
"450",0.806353827907867,0,0.193646172092133
"451",0.923253779042272,0.0767462209577284,0
"452",0.873284612537259,0,0.126715386372723
"453",0.48112335063786,0.345916938279351,0.17295971108279
"454",0.872952356640122,0.0635245204419775,0.0635231229179005
"455",0.8473799915572,0.152620008315367,0
"456",0.852069937710891,0.147930062289104,0
"457",0.663926820050703,0.336073179585949,3.05484170611289e-11
"458",0.58812971545173,0.180495803478988,0.231374481069283
"459",0.749395869714477,0.0898068609443418,0.160797269340581
"460",0.841672429463467,0.0787224913039509,0.0796050792036097
"461",0.683053294169921,0.195031851462419,0.12191485436766
"462",0.864541032937114,0,0.135458967062886
"463",0.703948888110688,0.140524204984695,0.155526906904617
"464",0.844167470653667,0,0.155832529203743
"465",0.833332789939,0,0.166667210061
"466",0.958038964965886,0,0.0419610350341139
"467",0.507678851062693,0.246161805271526,0.246159343665781
"468",0.649402341299019,0.134125169539186,0.216472488396907
"469",0.860580525463506,0.139419474536494,0
"470",0.785127795643103,0.102712980518208,0.112159223658502
"471",0.632581132520437,0.283575240100193,0.0838436273793697
"472",0.832933657169188,0,0.16706634278938
"473",0.999999999928157,0,0
"474",0.612764108158664,0.294744549255284,0.0924913425860523
"475",0.347496933113895,0,0.652503066886105
"476",0.750682791377062,0.166211517803045,0.0831056908013629
"477",0.915609643356322,0.0843903552095571,0
"478",0.703085648745673,0.296914351254327,0
"479",0.642299151137512,0.119233787025122,0.23846705405797
"480",0.756017331130915,0.145226457603704,0.0987562112653818
"481",0.85561788131905,0.0684026711760384,0.0759794475049116
"482",0.777787289249305,0.222212710749207,0
"483",0.674138542719058,0.0652955993528977,0.260565857928044
"484",0.666667515428679,0,0.333332484568465
"485",0.887108688551819,0,0.11289131139848
"486",0.849791433936484,0.101913860087166,0.0482947059763504
"487",0.792170918854728,0.138553173365769,0.0692759064289341
"488",0.902999073681821,0,0.0970009262661586
"489",0.785698657288232,0.0714398853156822,0.142861457396085
"490",0.926377695463493,0,0.0736223044897336
"491",0.99999999998713,0,0
"492",0.761396003194309,0.0649774700145205,0.17362652679117
"493",0.899336041237753,0.100663951763681,0
"494",0.63711353891794,0.244811831252189,0.118074629713445
"495",0.781485375683142,0.0728286510784826,0.145685973167029
"496",0.716386949903363,1.00866817874333e-07,0.283612949229819
"497",0.768815689041268,0.231184308487112,0
"498",0.809338532975246,0.0685662401900854,0.122095226834669
"499",0.926306529115032,0,0.0736934708846322
"500",0.848330844165091,0.0505554475948353,0.101113708077284
"501",0.881268635046158,0,0.118731364497746
"502",0.565386547226035,0.347597656561921,0.0870157948000099
"503",0.87087381589588,0.129126183595883,0
"504",0.721254933830304,0.0954013432424687,0.183343722927227
"505",0.534125266658548,0.338407365517138,0.127467367824314
"506",0.60377634433065,0,0.396223655530996
"507",0.615385786310203,0.307692948712118,0.0769212649776565
"508",0.734750768593222,0.0963177239659158,0.168931507440863
"509",0.855603317994996,0.0790629883115429,0.0653336916623548
"510",0.846174014584635,0.102296456030883,0.0515295293844819
"511",0.83123425200726,1.54028279623486e-62,0.16876574799274
"512",0.792885656973522,0,0.207114342666044
"513",0.627698298921266,0.270728814484367,0.101572886594367
"514",0.85428407582996,0.114643094913981,0.0310728292560592
"515",0.730792657246094,0.104397922611933,0.164809420141973
"516",0.809007959266357,0.190992040692444,0
"517",0.909738156297515,0,0.0902618434326022
"518",0.786266008397716,0.094235330367855,0.119498661234429
"519",0.777904276013478,0.222095723986522,0
"520",0.580802382605864,0.12501210414634,0.294185513247795
"521",0.899890634920246,0.100109365079754,0
"522",0.817988737330239,0.182011262669761,0
"523",0.936189430724624,0.0638105692753764,0
"524",1,0,0
"525",0.720674138868308,0.143382671124023,0.135943190007669
"526",0.652266524629821,0.266582098614004,0.0811513766845298
"527",0.513822733828475,0.283535781937863,0.202641484233662
"528",0.596145348336136,0.254819005395429,0.149035645723938
"529",0.862766472518894,0.137233527481106,0
"530",0.833334039938503,0.166665960061488,0
"531",0.714285528074535,0.142857093105497,0.142857378819968
"532",0.778278096300672,1.75368307091272e-49,0.221721903699328
"533",1,0,0
"534",0.894936797360669,0.105063202569825,0
"535",0.923315118057935,0,0.0766848819420646
"536",0.670457311499828,0.127176264547903,0.202366423940082
"537",0.889624374837616,0,0.110375625162384
"538",0.789124493817234,0.0874060144262456,0.123469491756521
"539",0.802136278773616,0,0.197863721226384
"540",0.777946083059284,0,0.222053916565415
"541",0.999999818489943,0,1.77247250878092e-07
"542",0.513882317775934,0.280564399121584,0.205553283102482
"543",0.722327564726358,0.0970989660328286,0.180573469240813
"544",0.687350156897568,0,0.312649843102432
"545",0.802773691036338,0.197226308769665,0
"546",4.0716556727043e-12,0.999999999995845,0
"547",0.894217127791083,0,0.105782872208917
"548",0.560546363817234,0.140140004880186,0.29931363130258
"549",0.897946747047366,0,0.102053252952634
"550",0.843987295668352,0.156012704331648,0
"551",0.746433232261388,0,0.253566767738612
"552",0.712461628620851,0.149311399726116,0.138226971641829
"553",0.930973414916035,0.0690265850838707,0
"554",0.695783514871755,0.304216485128243,2.2993302526471e-15
"555",0.999999999999976,0,0
"556",0.764425975465706,0.235574024534294,0
"557",0.911934715910935,0,0.0880652840890653
"558",0.844557902604223,0,0.155442097395736
"559",0.686890732007427,0.313109267992573,0
"560",0.768296495666583,0.0772360039491125,0.154467500384305
"561",0.999999999751176,0,0
"562",0.671914091043124,0,0.328085908956876
"563",1,0,0
"564",0.583864586892251,0.239444123344951,0.176691289762798
"565",0.792040126948387,0.116972288447706,0.0909875838382391
"566",0.493943791292053,0.292006402355982,0.214049806351966
"567",0.818535958764808,0.0907355587601689,0.0907284816625958
"568",0.915042081619888,0,0.08495791829869
"569",0.666665293207487,0,0.333334706792513
"570",0.885872116756803,0.114127883236323,0
"571",0.784128569257735,0,0.215871429853934
"572",0.846171253586717,0.0769126041750844,0.0769161422362513
"573",0.818182205437894,0.181817794562074,0
"574",0.999999999336117,0,0
"575",0.999999999826672,0,0
"576",0.885322767347032,0.055700007823137,0.0589772211636305
"577",0.579374191315024,0.362688210353104,0.0579375983318719
"578",0.999999998567983,0,0
"579",0.858174131204862,2.33534733329705e-17,0.141825868795091
"580",0.899800781855371,0,0.100199218110108
"581",0.7297995896258,0.112652286233934,0.157548124140266
"582",0.863837776762841,2.46339704195648e-15,0.136162223235068
"583",0.999999999688926,0,0
"584",0.875830497096334,0.0567979694374925,0.0673715334109024
"585",0.842391797324431,0,0.157608202675569
"586",1,0,0
"587",0.610301992936403,0.287983706835565,0.101714300228033
"588",0.999999999483158,0,0
"589",0.906482233683361,0,0.0935177662111508
"590",0.841199479693164,0.158800520306836,0
"591",0.838008991563462,0,0.161991008436538
"592",0.924328155552491,0.0756718444475092,0
"593",1,0,0
"594",0.731018271274594,0.268981728725406,0
"595",0.885350097673686,0,0.114649902326314
"596",0.812462510074596,0.187537489925404,0
"597",0.805767602628033,0,0.194232397371967
"598",0.900772988478289,0.0992270115214123,0
"599",0.818180839732391,0.0909093074050643,0.090909852862545
"600",0.999999998174823,0,0
"601",0.660631568678978,0,0.339368419248248
"602",0.625134691620056,0.154469263239193,0.220396045140751
"603",0.529917884836651,0.255361211944168,0.214720903219181
"604",0.999999992560268,0,0
"605",0.999999999999547,0,0
"606",0.878440768548593,0,0.12155921155367
"607",0.589391214168506,0.157998440668827,0.252610345161224
"608",0.755467585255469,0.244532414744531,0
"609",0.836737217723562,0.163262782276438,0
"610",0.999999999999999,0,0
"611",0.793104772726332,0.103442441256158,0.10345278601751
"612",0.715254847934751,0.170845375375944,0.113899776689304
"613",0.693776683398832,0.102074110897163,0.204149205676815
"614",0.749998445871509,0,0.250001554128491
"615",0.846154354855526,0,0.153845645144093
"616",0.999999999984414,0,0
"617",0.721202083881137,0.0557583057211336,0.223039610397729
"618",0.644532656279745,0.266600555200544,0.0888667885197114
"619",0.81943260475773,0.120483541114006,0.0600838541282641
"620",0.869499193341927,0.130500806401767,0
"621",0.689849053742013,0.154344452763517,0.15580649349447
"622",0.782718607351435,0,0.217281392648565
"623",0.999999999707225,0,0
"624",0.487145333305978,0,0.512854666694022
"625",0.899998328027274,0,0.100001671972679
"626",0.999999999767012,0,0
"627",0.77401433182984,0.112991476876312,0.112994188704299
"628",1,1.9603109169093e-44,0
"629",0.67699421583556,0.215336674028477,0.107669110135963
"630",0.910526295386462,0.0894737046135381,0
"631",0.915086848814566,0,0.0849131506862182
"632",0.936140771946669,0,0.0638592129470383
"633",0.858295354367986,0.0667172323825018,0.0749874132495088
"634",0.917103082453873,0,0.0828969175456623
"635",0.784969471474196,0.10750634049577,0.107524188029597
"636",0.999999999999996,0,0
"637",0.807637746320533,0.104051256035514,0.0883109955019021
"638",0.8633366333402,0,0.136663361749887
"639",0.546553312637349,0.182185036690918,0.271261650671731
"640",0.453745978219195,0.0925080365264102,0.453745978219195
"641",0.999999999999973,0,0
"642",0.790043678836852,0.0399903523430776,0.16996596882007
"643",0.841070663403248,0,0.158929336596752
"644",0.796169769569255,0,0.203830229994051
"645",1,0,0
"646",0.703223807449016,0.102207514418822,0.194568678132162
"647",0.999999998811486,0,0
"648",0.890521396342349,0.109478603657651,0
"649",0.999999999432312,0,0
"650",0.999999999989448,0,0
"651",0.805027327982756,0.0974864334916478,0.0974862385189756
"652",0.810127177643942,0.10402843183197,0.0858443905240882
"653",0.799999942220811,0.200000057779189,0
"654",0.901161742102466,0,0.0988382578975335
"655",0.696900025576902,0.181492070699664,0.121607903723435
"656",0.999999999999953,0,0
"657",0.760874764172435,0.0554434607831284,0.183681775044387
"658",0.91641842843433,0.0835815715656701,0
"659",0.682253475704986,0.1824983722947,0.135248152000314
"660",0.902683197791664,0,0.0973168022083363
"661",0.852901294786134,0,0.147098705204274
"662",0.63879939975239,0,0.361200597840261
"663",0.904537390924655,0,0.0954626090702043
"664",0.909802759931539,0,0.0901972400684612
"665",1,0,0
"666",0.854149231350139,0,0.145850762240142
"667",1,0,0
"668",0.635141916771834,0.364858083228166,0
"669",0.999999999922269,0,0
"670",0.755107969203056,0.0743297105487261,0.170562320248218
"671",0.883123785581633,0.116876214418368,2.27824698620537e-131
"672",0.748780959637364,0.0549927576243879,0.196226282725546
"673",0.824251877315033,0.087868656481962,0.0878794649914192
"674",0.90445454962739,0,0.0955454503726098
"675",0.706916998883873,0.144339513911031,0.148743487205095
"676",0.709009576893959,0.162079836874401,0.12891058623164
"677",0.78735665366017,0,0.212643345293193
"678",0.999999999958063,0,0
"679",0.699996983956489,0.200000531971208,0.100002484072097
"680",0.834909816368732,0.165090154347561,0
"681",0.931741460116857,0.0682585276077838,0
"682",0.71664924630201,0,0.283350748627831
"683",0.743033249471811,0.125483063091087,0.131483687437102
"684",0.833970724140959,0.0699274515929264,0.0961018242661145
"685",0.868961653508378,0.131038345897629,0
"686",0.714828491445366,0.161695775680299,0.123475732874335
"687",0.775908473317801,0.189418445753447,0.0346730790675948
"688",0.881236299662478,0,0.118763700337522
"689",0.714285732156304,0.142857133921846,0.142857133921846
"690",0.614124978954931,0.153530225466589,0.232344795578481
"691",0.94613477837661,0.0538652216233899,3.91624443750654e-144
"692",0.556865400579514,0,0.443134599420486
"693",0.744540121022443,0.0761551525762153,0.179304726401342
"694",1,0,0
"695",0.851763195325011,0.0772568471763969,0.07097995749855
"696",0.938868376876651,0,0.0611316231222064
"697",0.848841053634227,0.0848841981412952,0.0662747481972731
"698",0.865074320636326,0.0674629408760968,0.0674627384875778
"699",0.74918821926964,0.0542011565095821,0.196610624220777
"700",0.856495908773408,0,0.143504090651063
"701",0.871243782933293,0.128756217063282,0
"702",0.80894861885141,0,0.191051381147865
"703",0.880517512027542,0,0.119482487972458
"704",1,0,0
"705",0.67022378152322,0.252797218360694,0.0769790001160859
"706",0.833330984370899,0,0.166669015629087
"707",0.908845314123264,0.0911546858767358,0
"708",0.839036016709828,0.160963983290172,0
"709",0.650988248283054,0.349011750347486,0
"710",0.853255994029131,0.146744005970869,0
"711",0.708071018220534,0.0799105110658725,0.212018470713593
"712",0.700002303970844,0.199998851978669,0.099998844050363
"713",0.881785579344472,0.0591072103277641,0.0591072103277641
"714",0.896336980931404,0,0.103663019068587
"715",0.638944716714744,0.237469201060784,0.123586082224472
"716",0.905220206637792,0,0.0947797933622078
"717",1,0,0
"718",0.852385895969783,0.0498251737764918,0.097788927396806
"719",0.828916589988406,0.0855414911515342,0.0855419188600594
"720",0.999999999999384,0,0
"721",0.785712295758005,0.142858365657174,0.0714293385843719
"722",0.87804844119523,0.0655767861931857,0.0563747726115844
"723",0.835594355983974,0.0947681398471409,0.0696375041688847
"724",0.857143411930361,0,0.142856588069639
"725",0.844647151988935,0.155352848011065,0
"726",0.888011941525966,0,0.111988052395656
"727",0.900618341587333,0,0.099381658412627
"728",0.876690324234637,0.0571395671750497,0.0661701081175407
"729",0.897190089265212,0.102809910733881,0
"730",0.818183291345173,0.0909263996355098,0.0908903090193158
"731",1,1.88213157371288e-107,0
"732",0.999999999999803,0,0
"733",0.84499063368932,0,0.15500936631068
"734",1,0,0
"735",0.892679410963753,0,0.107320589036247
"736",0.776624889857672,0,0.223375110142328
"737",0.745172486688518,0.127413756655741,0.127413756655741
"738",0.710213256298398,0.289786743701602,0
"739",0.838028699893506,0.116587766277479,0.0453835338158726
"740",0.759211660580851,0.120389775264318,0.120398564038699
"741",0.60423450364679,0.0829966606334863,0.312768835719724
"742",0.914700960500177,0.0852990393768877,0
"743",0.999999999999832,0,0
"744",0.999999999999916,0,0
"745",0.67538482440505,0.186897929942505,0.137717245652445
"746",0.999999999999856,0,0
"747",0.6619044133067,0.112699068390774,0.225396518302526
"748",1,0,0
"749",0.712499742719569,0.149134644319446,0.138365612960985
"750",0.640589053372423,0.106789237496502,0.252621709131075
"751",0.999999999986836,0,0
"752",0.804754656749727,0.121934431890901,0.0733109113593713
"753",0.599991050605073,0.200009674813729,0.199999274581047
"754",0.878686385438609,0.121313614560221,0
"755",0.99999999999999,0,0
"756",0.89922382445724,0.10077617554276,0
"757",0.93691644272711,0,0.0630835540808933
"758",0.785993421681326,0.0604262989364968,0.153580279382178
"759",0.84718240434863,0.15281759565137,0
"760",0.900091800472751,6.84877425642391e-12,0.09990819942851
"761",0.803167957354875,0.141735671472217,0.0550963711371516
"762",0.690432149682011,0.229694624103653,0.0798732262143358
"763",0.917282096885749,0,0.0827179026096659
"764",0.802840813685123,0.197159186314877,0
"765",0.770824701651911,0.130798893930538,0.0983764044175504
"766",0.725562566152893,0,0.274437433847107
"767",0.820473677796127,0.179526320470822,0
"768",0.814549868762581,0.0929178391234614,0.092532288862858
"769",0.885448115301125,0.114551884698875,0
"770",0.670351316578445,0.21872493330415,0.110923738878342
"771",0.932820647219961,0.0671793527800393,0
"772",0.892802455560438,0.107197544439562,0
"773",0.70823470159514,0.19451038173977,0.0972549166650904
"774",0.870646604456382,0.129353395543618,0
"775",0.751990007308272,0,0.248009992007869
"776",0.76369780960441,0.0803355448546055,0.155966645540984
"777",0.841736188938146,0.0791318659649743,0.0791319450968796
"778",0.767618977864561,0.0598626928651473,0.172518329270292
"779",0.92547896713976,0.0745210328602403,0
"780",0.742056962303207,0.123676218416206,0.134266819280588
"781",0.769230626450974,0,0.23076937354901
"782",1,0,0
"783",0.845684871849776,0.154315128150224,0
"784",0.912912764129449,0.0870872358705512,0
"785",0.775941323996461,0.0717061776737033,0.152352498329836
"786",0.688197983178994,0.208480093692723,0.10332192120754
"787",0.438394067994309,0.328795574817559,0.232810357188132
"788",0.791202124095367,0.0659345421948138,0.14286333370963
"789",0.727724674054135,0.272275325837294,0
"790",0.909091397272038,0.0909086027279605,0
"791",0.764037267793509,0.163297969840046,0.0726647623664448
"792",0.87648987324774,0.123510126748458,0
"793",0.94442873540543,3.57718236207375e-16,0.0555712639324566
"794",0.818175653903018,0.136824905911376,0.0449994401856062
"795",0.967597794251907,0.0324022057480935,0
"796",0.862747290512847,0,0.137252709487153
"797",1,0,0
"798",0.937411394216749,0,0.0625886054856666
"799",0.62161059351413,0,0.37838940648587
"800",0.885035055143914,0.114964944856086,0
"801",0.771268169088962,0.110180963073652,0.118550867837386
"802",0.913811298685632,0,0.0861887012902006
"803",0.779509219366824,0.128927665651657,0.0915631149815189
"804",0.999999999999895,0,0
"805",0.875027111667397,0,0.124972769633657
"806",0.642858367740783,0,0.35714163224312
"807",0.999999999985411,0,0
"808",0.704946662741163,0,0.295053337258837
"809",0.888616642111354,0,0.11138335711362
"810",0.807722512755532,0,0.192277487244468
