"A","B","C"
"1",0.0891898396351805,0.0893633933229588,0.821446760462815
"2",0.17555789842206,0.130853567681959,0.693588533895981
"3",0.113640585147861,0.0757650955791996,0.810594319266145
"4",0.114653902901067,0.0369801784156686,0.848365918683265
"5",0.0758925543154879,0.106953438011244,0.817154007673268
"6",0.0748858113753217,0.0584951847179852,0.866619003906693
"7",0.0461203007185611,0.0860190011737674,0.867860698107671
"8",0.0636383163250553,0.161054166595366,0.775307517079579
"9",0.161116990355403,0.0895048442284579,0.74937816498595
"10",0.0772432942993481,0.0595794137081888,0.863177291992463
"11",0.19540294047332,0.0955912021379794,0.709005857388701
"12",0.0398907833321772,0.0999140486636847,0.860195167996539
"13",0.0887507745357556,0.0618815550500787,0.849367670414166
"14",0.136705324737291,0.0683538367157467,0.794940838546963
"15",0.0868216559846728,0.0694563212279267,0.8437220227874
"16",0.145307773243569,0.138589186888702,0.716103039867729
"17",0.201023544834823,0.108834680658314,0.690141769603841
"18",0.118288651809524,0.0852219337564857,0.79648941443399
"19",0.125799328898355,0.0828841632556161,0.791316496375907
"20",0.155626707618772,0.124595718002217,0.719777574379012
"21",0.115190801691129,0.117126189771648,0.767683008537209
"22",0.155901137604028,0.0878162947692282,0.756282567626737
"23",0.130505234253402,0.141056897193707,0.728437868552891
"24",0.0850612901521389,0.0516475137165842,0.863291196131277
"25",0.105079974237882,0.140774978673986,0.754145047088132
"26",0.064160166647148,0.16324670120248,0.772593132150372
"27",0.084002876630532,0.205879911280967,0.710117212088501
"28",0.103771764380342,0.137370810338882,0.758857425280775
"29",0.0742605644127018,0.0533551256589501,0.872384309928348
"30",0.129852158135413,0.119921043835606,0.750226798028981
"31",0.0950553868256378,0.125400139536327,0.779544473638035
"32",0.147018053729058,0.0495340045197732,0.803447941751168
"33",0.0979830733634674,0.0839650585760787,0.818051868054148
"34",0.10819789435357,0.0721312160513308,0.819670889589593
"35",0.0836376587982685,0.0834879143248225,0.832874426876909
"36",0.15884491095434,0.0951455974790321,0.746009491566628
"37",0.074849817534312,0.154762653116601,0.770387529349087
"38",0.161716019587393,0.139388058553179,0.698895919133013
"39",0.122130854993969,0.0543679079200683,0.823501237085963
"40",0.105074524741349,0.112843269214551,0.7820822060441
"41",0.116878094295405,0.0322075682100709,0.850914337494524
"42",0.0553888962268815,0.166165477551213,0.778445626221905
"43",0.0222218994868344,0.155510190932288,0.822267909576854
"44",0.088306661698876,0.0729233251462919,0.838770013154832
"45",0.173152238233588,0.0192321661453981,0.807615595620987
"46",0.0638285919938951,0.0638322941595927,0.872339113846512
"47",0.0539208365702851,0.0742120830689972,0.871867080360718
"48",0.106485414091076,0.119049934039872,0.774464651869052
"49",0.0692218939433665,0.109583432421363,0.821194673635271
"50",0.103936123797206,0.0528846706019994,0.84317920559705
"51",0.0907849256988599,0.0907757568843972,0.818439317416611
"52",0.0700448596186253,0.103012041430241,0.826943098951134
"53",0.156935191473729,0.0396606267865618,0.80340418173971
"54",0.0984932897974528,0.0480810641061632,0.853425646096384
"55",0.131967397848986,0.0664861666743305,0.801546435476683
"56",0.0950982932236106,0.0503294816754664,0.854572225100923
"57",0.0935817117291975,0.157174079368243,0.749244208835046
"58",0.0923907294609109,0.115487886203285,0.792121384322711
"59",0.101831497122052,0.0508247508936585,0.84734375150053
"60",0.0683097530183747,0.136599263181681,0.795090983799944
"61",0.0535237914078447,0.0535229350340331,0.892953273558122
"62",0.0343180141905161,0.0982453981381646,0.867436587671319
"63",0.137794517857565,0.0833670856057191,0.778838396536716
"64",0.0836071114285033,0.10078510545814,0.815607783068794
"65",0.0991583630755986,0.0187568346210491,0.882084802302601
"66",0.0338289682706865,0.0845630563325478,0.881607975396766
"67",0.0624001268501027,0.0833341399233525,0.854265733065419
"68",0.106580317404122,0.10169171706484,0.791727965531038
"69",0.079579022474261,0.094971943971087,0.825449033554652
"70",0.0740952080099151,0.123068469239597,0.802836322750488
"71",0.110749387318628,0.0764906014787608,0.812760011202612
"72",0.173236496716727,0.15398800257219,0.672775500665999
"73",0.0484265071691709,0.161004180838983,0.790569310870369
"74",0.0797632880081851,0.0583245643529575,0.861912147638857
"75",0.102549996047052,0.116327146011445,0.781122857941503
"76",0.121957106779284,0.155216264475547,0.722826628745169
"77",0.137754505076707,0.0991271284620421,0.763118366461251
"78",0.157261692299214,0.0634810380335814,0.779257269667205
"79",0.0610211040750953,0.162722577583965,0.776256318340939
"80",0.107183103929411,0.114005720118727,0.778811175951863
"81",0.146011161057984,0.0629531667100768,0.791035672231939
"82",0.112742454490259,0.165523975875394,0.721733569634346
"83",0.111253832138884,0.145638185823057,0.743107982038059
"84",0.125756206404856,0.142960327667405,0.731283465927739
"85",0.0509830988985175,0.112115566566617,0.836901334534865
"86",0.0704529792403393,0.104965899020098,0.824581121739562
"87",0.143002172282781,0.116387346335846,0.740610481381374
"88",0.163515556670723,0.0405091604968621,0.795975282832415
"89",0.120739750670207,0.103591616874562,0.775668631989705
"90",0.111105476217307,0.0555543036379785,0.833340220134704
"91",0.0670792847679624,0.0649367211225341,0.867983994109504
"92",0.016692180912699,0.167252291666834,0.816055527420467
"93",0.119122809655811,0.081028178335863,0.799849012008326
"94",0.0604088896455065,0.0587940273269019,0.880797083027592
"95",0.136668242898232,0.11049877162337,0.752832985478398
"96",0.113134609319793,0.116713048184242,0.770152342495966
"97",0.102810733124574,0.0587503291403521,0.838438937735074
"98",0.0676858429847951,0.187796145879312,0.744518011135893
"99",0.0518748908135228,0.103598813157294,0.844526296029183
"100",0.135762402569875,0.0151975817219484,0.849040015708177
"101",0.0356697653015693,0.10453400442131,0.859796230277121
"102",0.0492411597936162,0.0833426860028121,0.867416154199541
"103",0.0978517581911097,0.0627597322691613,0.839388509539729
"104",0.0777801022041092,0.128211807540068,0.794008084148099
"105",0.122447771570786,0.125596399163869,0.751955829265345
"106",0.0786150605290695,0.0591737061802808,0.86221123329065
"107",0.0543296949977808,0.119351264386353,0.826319040615866
"108",0.0164931903242697,0.085663479229683,0.897843330446047
"109",0.0793783955771523,0.135703618947665,0.784917985475182
"110",0.0667345497439028,0.1495728860268,0.783692564225941
"111",0.0565092482761672,0.052588860043107,0.890901891680726
"112",0.138814268901703,0.110537722708147,0.75064800839015
"113",0.171992270805595,0.123435720479999,0.704572008714406
"114",0.128593111776317,0.183698944642439,0.687707943581244
"115",0.11304254539982,0.111685206285568,0.775272248314612
"116",0.0975584672908227,0.134984217311199,0.767457315397978
"117",0.089287345441905,0.0973421186338249,0.81337053592427
"118",0.135441141608832,0.144551690987127,0.72000716739738
"119",0.132192473897634,0.0948369400301158,0.772970586007804
"120",0.126659323770608,0.0830972818666006,0.790243394362792
"121",0.103744105754219,0.147609067837014,0.748646826408767
"122",0.0896633750825533,0.104538390917927,0.80579823399952
"123",0.07322014799331,0.0540111025875719,0.872768749419118
"124",0.106205876286291,0.159482538467595,0.734311583734175
"125",0.0655569224759351,0.1148247221769,0.81961835458137
"126",0.0533494326268487,0.0798375019065484,0.866813065466603
"127",0.0990591510005678,0.0840731418738694,0.816867707125563
"128",0,0.0970911832268697,0.902908816773127
"129",0.119389097320148,0.146611742413399,0.733999160266452
"130",0.0503632270390081,0.0733904109832864,0.876246361977706
"131",0.0599720122600873,0.077349567927491,0.862678419812422
"132",0.0568795161691519,0.207495630017135,0.735624853813713
"133",0.0731325250098838,0.109659839501708,0.817207635488408
"134",0.0659652248444581,0.123775161603743,0.810259613551784
"135",0.0185171234323505,0.162769631086051,0.818713245481598
"136",0.105992308889252,0.105993156831114,0.7880145339849
"137",0.061152258252659,0.16199035415003,0.776857387597311
"138",0.0994917463664982,0.0518261417853012,0.848682111848201
"139",0.158033057028705,0.0915160377468064,0.750450905224488
"140",0.0371072146359083,0.0772546737284859,0.885638111635606
"141",0.0875091614854491,0.129854227006343,0.782636611508208
"142",0.100424176443357,0.0961804370091348,0.803395386547508
"143",0.137529093826599,0.0762573257429903,0.786213580309272
"144",0.0959513292743148,0.175276561196749,0.728772109528936
"145",0.0347242824728658,0.122935303021915,0.842340414504324
"146",0.107327521490538,0.123300086018584,0.769372392490879
"147",0.114041066962271,0.120943031422188,0.765015901615541
"148",0.139667960707219,0.092128366853336,0.768203672393582
"149",0.0685366229825092,0.13241120164299,0.799052175374501
"150",0.129309524415961,0.0664052383670905,0.804285209486293
"151",0.166130210045959,0.104878430932376,0.728991359021665
"152",0.0707768546407936,0.123859398028143,0.805363747331063
"153",0.0676674279782227,0.0972196587197809,0.835112913301996
"154",0.113546835183248,0.0972116340905387,0.789241530726213
"155",0.120257653049205,0.0690970853549218,0.81064526159072
"156",0.0982959446305918,0.0166455309880562,0.885058523679121
"157",0.0988694793893859,0.100640080243882,0.800490440366732
"158",0.0363858310264977,0.07277274049627,0.890841428477232
"159",0.149067960667237,0.121933073192506,0.728998966140257
"160",0.0607849195651679,0.121578692100279,0.817636388334554
"161",0.0892537961523581,0.0446240501034113,0.866122153682027
"162",0.102171792153597,0.0817390318127498,0.816089176033651
"163",0.0558929578502063,0.0911447037432636,0.85296233840653
"164",0.110707457194075,0.0608469199729965,0.828445622832928
"165",0.121013140021452,0.060235756327486,0.818751103651062
"166",0.15636549235757,0.0399183519457644,0.803716155696665
"167",0.0936356649181487,0.143209178244427,0.763155145172471
"168",0.183172479228704,0.102544537705525,0.714282982893669
"169",0.113418447462434,0.145909425235813,0.740672127301753
"170",0.0610042321251696,0.0440230447384475,0.894972723136383
"171",0.137956910461697,0.0984581311522141,0.763584958386089
"172",0.0735162592109054,0.073511848367679,0.852971892421415
"173",0.0825295911576493,0.0828283927092763,0.834642016133074
"174",0.0672845192258838,0.15303890709893,0.779676573106578
"175",0.0150123710469464,0.111473243964155,0.873514384988899
"176",0.0627820196524427,0.206066456516384,0.731151523831173
"177",0.0859904682202667,0.0981620275216452,0.815847504258088
"178",0.209044946084072,0.0504908575802982,0.74046419633563
"179",0.136417789498959,0.063967373125234,0.799614837375807
"180",0.125423266385595,0.0678377719586785,0.806738961655726
"181",0.156520903440081,0.0300176208040284,0.81346147575589
"182",0.117346838460776,0.134545439323604,0.74810772188769
"183",0.154221889315595,0.102815734959025,0.742962375725379
"184",0.112619457503377,0.159501049598937,0.727879492897686
"185",0.0639610331602079,0.0754955746824236,0.860543392157369
"186",0.0929812489902237,0.0922145427925838,0.814804208217193
"187",0.0763920344035767,0.0686704124587329,0.85493755313769
"188",0.0728783760104647,0.0893027220625924,0.837818901926943
"189",0.0702827737417903,0.157825932006892,0.771891294251317
"190",0.139460495975433,0.0768214100646279,0.783718091239084
"191",0.125127901145123,0.0517319936777603,0.823140105177116
"192",0.101119543341353,0.134378630256748,0.764501826401899
"193",0.0531927005920487,0.150316816994513,0.796490482413438
"194",0.0759102646669091,0.0932608042059543,0.830828931127137
"195",0.0572148506058296,0.0887917278365219,0.853993421557648
"196",0.089646568770011,0.134467956053166,0.775885475132213
"197",0.0331974946773002,0.0517106838765037,0.915091821446196
"198",0.13105404779707,0.0725967254426342,0.796349226760296
"199",0.0909455981714392,0.106007993904077,0.803046407924484
"200",0.0621766296638827,0.077060374594722,0.860762995741395
"201",0.146532923229408,0.150710101686852,0.70275697508374
"202",0.125198524430324,0.0483628362593268,0.826438639310349
"203",0.144398285237452,0.0666829535505714,0.788918761211977
"204",0.0208444098635907,0.147866346303565,0.831289242799293
"205",0.0967218881097015,0.113354120411019,0.78992399147928
"206",0.0921729325637755,0.140749049572049,0.767078017864175
"207",0.119257958525803,0.0313601778186419,0.849381863655555
"208",0.126924196644094,0.0439905145134766,0.829085288842429
"209",0.0598129707714537,0.0799804748067288,0.860206554421817
"210",0.109065016308183,0.0650725749222779,0.825862408762175
"211",0.110516403211173,0.156404242748447,0.733079354040381
"212",0.034042516662448,0.0921935557139021,0.87376392762365
"213",0.0960193600683753,0.15089207384476,0.753088566076243
"214",0.0317588707919606,0.174673249223615,0.793567879981198
"215",0.109801106281432,0.12701073423821,0.76318815851991
"216",0.114285750974725,0.0571429429479924,0.828571306077267
"217",0.0483272083263824,0.143646399603707,0.80802639206991
"218",0.0962474392319163,0.136334764848563,0.76741779591952
"219",0.124679834961688,0.137277871553724,0.738042293484587
"220",0.147540241574569,0.078704234754824,0.773755523670607
"221",0.11042200961244,0.149029232265551,0.740548758122008
"222",0.118530978077474,0.135463244441301,0.746005777481222
"223",0.0959614764406343,0.037932938480865,0.866105585078501
"224",0.0786574663283481,0.0786462977611165,0.842696235908857
"225",0.0936654941646619,0.0814850740327694,0.824849431802569
"226",0.099685463014038,0.0501177310702193,0.850196805915738
"227",0.145200779624242,0.150837857981484,0.703961362394274
"228",0.0760237398391529,0.146669045556311,0.777307214604536
"229",0.0646090925370597,0.079504939533873,0.855885967929067
"230",0.103873678484479,0.133738383667953,0.762387937847568
"231",0.0512269098449931,0.131388288949579,0.817384801205428
"232",0.0992806166788415,0.133435118023833,0.767284265297326
"233",0.0782376948767719,0.019147794955761,0.90261451003505
"234",0.0979441922503344,0.084778998220423,0.817276809529243
"235",0.0469369549945134,0.115115654943894,0.837947390061381
"236",0.0819277256015196,0.180335222032905,0.737737052365576
"237",0.120396919358377,0.103185149842976,0.776417930798647
"238",0.0979589664429127,0.111152783320964,0.790888250236124
"239",0.0670445139470157,0.101991225599768,0.830964260453216
"240",0.0907366904513529,0.134900274856641,0.774363034692006
"241",0.0654454361511767,0.105138629427321,0.829415934421503
"242",0.166624729222398,0.125218743186754,0.708156527590558
"243",0.0697610613401623,0.147659063841394,0.782579874818443
"244",0.178210781229485,0.133469103144298,0.68832011553719
"245",0.0578655028523023,0.0771129632023566,0.865021533945341
"246",0.0934856196537027,0.067040279409703,0.839474099686658
"247",0.0446738036760781,0.0328078324900551,0.922518363833867
"248",0.140913108708337,0.124187615470881,0.734899275820782
"249",0.100860681624673,0.104429392664156,0.794709925711171
"250",0.0686253633659612,0.151508570569616,0.779866066064423
"251",0.0754990787311207,0.1697404412231,0.75476048004578
"252",0.107140666291817,0.125094394626028,0.767764932884263
"253",0.140652809821486,0.085758354694324,0.77358883548419
"254",0.0387093888600346,0.133820343042574,0.827470268097392
"255",0.0153952700047047,0.163707175998005,0.820897553997291
"256",0.140919222774365,0.0476274767855305,0.811453300440104
"257",0.112299094126553,0.0934409602021286,0.794259945671319
"258",0.156691036485899,0.105012138262563,0.738296825251538
"259",0.140824352415304,0.0526212160965305,0.806554431471921
"260",0.112109090356856,0.0858878536794889,0.802003055963656
"261",0.131635025047022,0.0326119612717481,0.83575301368123
"262",0.107955502505487,0.113674389416161,0.778370108078329
"263",0.0825911675677019,0.148669652114262,0.768739180316308
"264",0.121525657145705,0.093012083089842,0.785462259764453
"265",0.122973647292256,0.107062104584325,0.769964248123419
"266",0.0915027477252358,0.0907371623667199,0.817760087168818
"267",0.0670451656002947,0.102018228256593,0.830936606143112
"268",0.0770363238498375,0.159743123816605,0.763220552333557
"269",0.0656920388494347,0.0967380435952889,0.837569917555276
"270",0.0808663591583455,0.0404377156503233,0.878695925191331
"271",0.0803647651455474,0.0964404612115556,0.823194773642897
"272",0.0358661215576767,0.122375374454291,0.841758503988032
"273",0.0785895323418835,0.038426084554392,0.882984383091525
"274",0.124045243766729,0.0690647429399329,0.806890013293338
"275",0.0553710815769897,0.0555015786378021,0.889127339485271
"276",0.0736527230364716,0.0185136651262584,0.907833611793453
"277",0.164332454093024,0.164251786663538,0.671415744828571
"278",0.0502793331154897,0.141007646614892,0.808713020269618
"279",0.0746891546352431,0.133912137687338,0.791398707677417
"280",0.140753520262191,0.215782353595994,0.643464126141815
"281",0.0690513518587526,0.10339953424177,0.827549113898007
"282",0.114120047704231,0.087040536277351,0.798839416018418
"283",0.0941772023504292,0.0768443647225538,0.828978432927017
"284",0.105302320823366,0.101013630078151,0.793684049098483
"285",0.0716669087976865,0.146735422479,0.781597668723314
"286",0.116455792410795,0.132200106987965,0.751344100598934
"287",0.161213522995825,0.126951067394447,0.711835407969515
"288",0.0605059698612767,0.0815129607786177,0.857981069360106
"289",0.0399704925612491,0.113501323304161,0.84652818413459
"290",0.0953784141295974,0.083673162414195,0.820948423456208
"291",0.105988731340334,0.173514606012018,0.720496660426351
"292",0.0652174318812476,0.195651847861086,0.739130720257667
"293",0.0940198599770603,0.0941370817365821,0.811843052438966
"294",0.0679233628020439,0.163223438748018,0.768853198449939
"295",0.160462020613022,0.059992303732749,0.779545675654229
"296",0.139203145905526,0.0255825466513223,0.835214307443152
"297",0.0459377895590812,0.0565460912700446,0.897516119170874
"298",0.121154046174963,0.10504332086796,0.773802632857718
"299",0.103305682884129,0.143318351195262,0.753375961464059
"300",0.145229863403473,0.101172375686493,0.753597760910034
"301",0.0641288498941477,0.133658005398881,0.802213144706971
"302",0.0679750919087292,0.215336375476315,0.716688532614956
"303",0.106230322015952,0.091841070265975,0.801928607718073
"304",0.0608530305321312,0.153543147927073,0.785603821540796
"305",0.0968613786789857,0.0576600102861111,0.845478611034841
"306",0.096775671050931,0.129032541285209,0.77419178766386
"307",0.0881590388390511,0.0954834031028252,0.816357558058124
"308",0.0720017478844479,0.118177932928951,0.809820319186601
"309",0.0294976154211984,0.0892382203342809,0.881264164244521
"310",0.0759690433284752,0.0607303718371007,0.863300584834424
"311",0.102696700451502,0.057015889285903,0.840287410262595
"312",0.0983708382130467,0.0976403080533918,0.803988849668683
"313",0.14446314205446,0.0918358186344343,0.763701039269788
"314",0.112132217624298,0.13620507978582,0.751662702589881
"315",0.0883233156924391,0.0669913913372252,0.844685292970336
"316",0.0496287808035184,0.120931095362839,0.829440123833643
"317",0.167924941101206,0.0910317275738127,0.741043331324981
"318",0.0178648498866367,0.0535676364846006,0.9285675118287
"319",0.0508050051824132,0.0889993331443374,0.860195661673249
"320",0.126206295823004,0.0631263224150399,0.810667381761956
"321",0.0615886881477498,0.0573755480102267,0.881035763842024
"322",0.0179007679296762,0.087081426091177,0.895017805979147
"323",0.109902173370754,0.201737356715209,0.688360468230447
"324",0.0907984781631753,0.158898959463707,0.750302549972156
"325",0.105795121091827,0.0905592564567361,0.803645622451437
"326",0.152192733278563,0.125116299372315,0.722690967349122
"327",0.0971655588431037,0.184390043528715,0.718444397628181
"328",0.00247093867825429,0.00445215438341083,0.993076906938335
"329",0.082105493556235,0.0821065609345891,0.835787945504857
"330",0.137009779774006,0.0333042264213232,0.829685993804671
"331",0.09394326860033,0.120136677589227,0.785920053810443
"332",0.103042654974894,0.127150195379457,0.769807149645649
"333",0.127256570710911,0.0344566251264337,0.838286804162655
"334",0.0991265203749132,0.0845472895775117,0.816326190047575
"335",0.0853074964663585,0.075792650904442,0.838899852629192
"336",0.0360878201711009,0.05464460097813,0.909267578845853
"337",0.0819077489619306,0.0497225027023101,0.868369748335759
"338",0.126536547668256,0.0632674627754829,0.810195989556246
"339",0.0980504987263511,0.117770243692908,0.784179257573012
"340",0.131646447071896,0.112779422513616,0.755574130414488
"341",0.0644245147694306,0.0697648446651577,0.865810640565412
"342",0.0698119265328202,0.112815626515114,0.817372446952066
"343",0.0315733474695139,0.141388911384477,0.827037741146009
"344",0.0882178521161013,0.188423360285029,0.72335878759887
"345",0.0509408716655507,0.10161443288576,0.847444695448689
"346",0.0793155008906377,0.0963111003937464,0.824373398715616
"347",0.107200094703779,0.0643493692459974,0.828450536050223
"348",0.109136972641157,0.0909174291898703,0.799945598168441
"349",0.172846593615244,0.0758838938012298,0.751269512583526
"350",0.091242253627355,0.133110298572074,0.775647447800571
"351",0.080637793486459,0.0992366539422282,0.820125552571313
"352",0.129652596366473,0.172939450781086,0.697407952852146
"353",0.0448153419601605,0.118877854745971,0.836306803225456
"354",0.0634800912653055,0.107526392961969,0.828993515772726
"355",0.137674400153207,0.0784906475470112,0.783834952299782
"356",0.114802775001157,0.0731685479690246,0.812028677029819
"357",0.181439573474997,0.0986464918011245,0.719913934723879
"358",0.0938456310471204,0.120818716261732,0.785335652691147
"359",0.0322563934482523,0.0319581191822717,0.935785487369476
"360",0.0250571527006926,0.12423877560671,0.850704069541531
"361",0.0980234861454286,0.117629058908578,0.784347454945993
"362",0.10227181142669,0.087096272461286,0.810631916112024
"363",0.0821421665713891,0.0635774269228662,0.854280406505745
"364",0.0687862560520024,0.088347770032756,0.842865973904364
"365",0.0836986525561423,0.082520263294498,0.83378108414936
"366",0.111059111936537,0.0638532575219595,0.825087630541504
"367",0.0364163623686905,0.0720455234433578,0.891538114187952
"368",0.13540802357812,0.168129012636507,0.696462963785373
"369",0.12427200343491,0.107203268650819,0.768524727914271
"370",0.056406339587682,0.114285711727023,0.829307948685295
"371",0.128434759816914,0.0502877279250017,0.821277512258085
"372",0.0477246402336231,0.0559192022138783,0.896356157552499
"373",0.0937051097894335,0.0486829429479709,0.857611947262596
"374",0.0600357539368447,0.0905472019905336,0.849417044072621
"375",0.0919273065881796,0.170268758141324,0.737803935270496
"376",0.0555061069035937,0.111527706519724,0.832966186576682
"377",0.0170297982164159,0.15453995107046,0.828430250713124
"378",0.127358719723033,0.0458372770571251,0.826804003219841
"379",0.0797095415724214,0.100237191980392,0.820053266447187
"380",0.107987168173958,0.107985872335715,0.78402695948804
"381",0.0645534511971264,0.0806926571242231,0.85475389154038
"382",0.0470788305754283,0.115050762382232,0.83787040704234
"383",0.0535752022309241,0.163829018865361,0.782595778903176
"384",0.114205597732848,0.0798326295866711,0.805961772680481
"385",0.159482910346903,0.062454654868759,0.778062434784338
"386",0.0666694659768239,0.147306738124845,0.786023795898331
"387",0.0713731179318406,0.0767506072814405,0.851876274786719
"388",0.137039133299268,0.151015960447898,0.711944906252834
"389",0.0899220384225755,0.0732261102799058,0.836851851297518
"390",0.0811778612890178,0,0.918822138710982
"391",0.112041603740131,0.0310232295528912,0.856935166706978
"392",0.132741182171473,0.149082409000864,0.718176408812755
"393",0.0413795204504228,0.0795754862175035,0.879044993332074
"394",0.0764087376760934,0.0897675056273144,0.833823756696592
"395",0.103279908341659,0.0788259974288997,0.817894094229442
"396",0.13589817053996,0.0306583746280913,0.833443454831949
"397",0.15048374931471,0.147682116214772,0.701834134441213
"398",0.0745882918443213,0.0878896938382938,0.837522014317385
"399",0.0166679912269016,0.0999973001592645,0.883334708599704
"400",0.0481931156548393,0.0971755544218342,0.8546313292769
"401",0.113559971638932,0.0901280179992086,0.796312010361859
"402",0.0748222589469966,0.13573648830803,0.789441252744973
"403",0.142919906099025,0.0325386748142153,0.82454141908676
"404",0.0638448328613483,0.0521802803786612,0.883974886229636
"405",0.109392639010318,0.160686876148124,0.729920484324324
"406",0.154953712285429,0.0581051582334297,0.786941129475706
"407",0.0995415134108704,0.0995403189198767,0.800918166245864
"408",0.125492782177787,0.198771364955857,0.675735849425388
"409",0.101392826986267,0.060704167247151,0.837903005766582
"410",0,0.0921961465178084,0.907803853482192
"411",0.0470064787469274,0.0243894689296705,0.928604050844052
"412",0.0704058686426069,0.073409005665906,0.856185125691487
"413",0.130436625831113,0.115943207765808,0.753620166403079
"414",0.0870364564922813,0.192556009726013,0.720407533781706
"415",0.0488001748149304,0.144619173120019,0.80658065206505
"416",0.0827540024865332,0.109497791653449,0.807748204212333
"417",0.0949920477056565,0.105631347625596,0.799376604668731
"418",0.127025571682337,0.120641147745443,0.75233328057222
"419",0.10156491732823,0.143215025203309,0.755220057468461
"420",0.0808342783888466,0.10492901910632,0.814236702504832
"421",0.142886399282075,0.05715425861621,0.799959342045839
"422",0.14954112649046,0.106742719521706,0.743716153987834
"423",0.0983857218876903,0.0994241150884941,0.802190163023816
"424",0.0530851342121709,0.135137655691167,0.811777210096662
"425",0.0351502503918075,0.1023328506112,0.862516898996993
"426",0.0714073072218974,0.107403761651804,0.821188931126001
"427",0.0468079146363552,0.133824910137487,0.819367175226157
"428",0.11732539752494,0.106547537803647,0.776127064671413
"429",0.0562819263909528,0.0403650156417794,0.903353057967268
"430",0.0835280618547145,0.0835335748887251,0.832938363068874
"431",0.151291175266912,0.0905648612624056,0.758143963470683
"432",0.101734465997126,0.165770805461483,0.732494728541391
"433",0.0777109227088128,0.159382316593533,0.762906760697654
"434",0.13114925057794,0.103569821803795,0.765280927618265
"435",0.0621092980407913,0.0961207972002921,0.841769904756804
"436",0.0303394494479737,0.0920009430626123,0.877659607489414
"437",0.0860786248390963,0.0673020785423176,0.846619296618586
"438",0.0802556363889541,0.142031802660045,0.777712559349196
"439",0.0594661003370033,0.0594688953094001,0.881065004353597
"440",0.0499977881746449,0.166663826388952,0.783338385436403
"441",0.0832957736449294,0.0999568718370765,0.816747354427712
"442",0.168698771477018,0.168698434079812,0.662602794432407
"443",0.0782472079943689,0.154289876528801,0.767462906653727
"444",0.101880102895269,0.0848909642986789,0.813228932806052
"445",0.0947718259216013,0.084434169382026,0.820794004696373
"446",0.0831129901038457,0.086176800747223,0.830710209148931
"447",0.0518848921095224,0.155992924685287,0.79212218320519
"448",0.119184838870623,0.105740349476758,0.77507481165258
"449",0.142804630949015,0.0622737805333222,0.794921588517662
"450",0.0990502309327456,0.0742876042941921,0.826662164757579
"451",0.0668231944114001,0.112797958669954,0.820378846918646
"452",0.00820624382053593,0.118384441320542,0.873409314858922
"453",0.150474622296402,0.11608636586005,0.733439011843548
"454",0.0864806680298182,0.103797397480498,0.809721934489684
"455",0.0974891172171479,0.0389920100055631,0.863518872777289
"456",0.111032264471995,0.047949090333123,0.841018645194882
"457",0.113519953679884,0.128521553889348,0.757958492430768
"458",0.104671805011826,0.0682354884834731,0.8270927065047
"459",0.156370462442871,0.0712106902575514,0.772418847299577
"460",0.124213388853134,0.0625346600880737,0.813251951058792
"461",0.0978203426934293,0.0655675270174279,0.836612130288782
"462",0.104280728782916,0.120394828314439,0.775324442902645
"463",0.0728072355967147,0.110969161715375,0.81622360268791
"464",0.0798961515064069,0.134829859721366,0.785273987253274
"465",0.133623732395988,0.0490013516792686,0.817374915924744
"466",0.0464158533290603,0.0799155991754644,0.873668547495475
"467",0.0687155996015749,0.0694783533793343,0.861806047019091
"468",0.12152491220145,0.0548048273530359,0.823670260445514
"469",0.0333952499410754,0.115645985147902,0.850958764911023
"470",0.142957643249953,0.0850671874916418,0.771975169258393
"471",0.0578582997136425,0.0762144374734996,0.865927262812858
"472",0.159855908006578,0.0608403873769714,0.779303704539287
"473",0.0548733629776812,0.0927333378111775,0.852393299211141
"474",0.0730460037003024,0.155583012300708,0.771370983998989
"475",0.0763332352899063,0.124986712352708,0.798680052357386
"476",0.0313741213229887,0.0467658572819269,0.921860021395084
"477",0.118466994709377,0.12816306470114,0.753369940589482
"478",0.136192772022553,0.0869649638744446,0.776842264103003
"479",0.110897592432773,0.112831796676067,0.77627061089116
"480",0.122295166953988,0.146736949405495,0.730967883640517
"481",0.156871217706829,0.047789177386817,0.795339604855895
"482",0.0930330217284866,0.0731703659667702,0.83379661230467
"483",0.0910899767578166,0.103693846455027,0.805216168445303
"484",0.128375472072715,0.130013897103301,0.741610628157171
"485",0.0795332760325867,0.0578353106780809,0.862631413289332
"486",0.0732874699897032,0.0925029608137121,0.834209569196585
"487",0.175467033636461,0.125343902889849,0.69918906347369
"488",0.122909446542799,0.140466338616687,0.736624214840514
"489",0.0838898091373603,0.115171709598604,0.800938481264036
"490",0.0995241311030734,0.104056304119503,0.796419564777424
"491",0.0967153152770186,0,0.903284684722981
"492",0.150625459987075,0.0982748709442178,0.751099669068707
"493",0.0812866585677895,0.0801208325338783,0.838592508898332
"494",0.172880792041863,0.0491543965191081,0.777964811439029
"495",0.149694446398576,0.119344490900918,0.730961062700506
"496",0.110384965731503,0.147997287308779,0.741617746959718
"497",0.0859303889956195,0.0698695224849039,0.844200088519477
"498",0.0740773520686406,0.0565030627973197,0.86941958513404
"499",0.0823435420618131,0.101562059260631,0.816094398677556
"500",0.0751605792761161,0.112737474550998,0.812101946172886
"501",0.0947971567846956,0.0883880179662538,0.816814825249051
"502",0.0602772384936633,0.135589855585235,0.804132905921102
"503",0.0473202008157714,0.112932272755805,0.839747526428423
"504",0.08737820223243,0.137346763610541,0.775275034157029
"505",0.1282686069505,0.0544883303629983,0.817243062686502
"506",0.10074360905319,0.0963270107656108,0.8029293801812
"507",0.0887423568021891,0.0657321600437575,0.845525480177119
"508",0.12608293191311,0.0580561636165722,0.815860904470318
"509",0.136706139779755,0.0898279035488546,0.773465956671391
"510",0.139417176970606,0.199249679965126,0.661333143064268
"511",0.0961727022267369,0.0961758759782772,0.807651421794287
"512",0.0851610129786976,0.0718012392001596,0.843037747821143
"513",0.0648287426039783,0.0981009512947526,0.837070305285249
"514",0.134650062375171,0.112034323312846,0.753315614311983
"515",0.140768923632995,0.0843095973865533,0.774921478789532
"516",0.106812285491289,0.0427025634589617,0.850485151049749
"517",0.0996625108287856,0.0709905370010504,0.829346952170164
"518",0.0756488789489034,0.139728691031541,0.784622430019556
"519",0.115966579779514,0.101433158463657,0.78260026175683
"520",0.0313879705874153,0.130460658933234,0.838151370479351
"521",0.0599991949337835,0.05700614929373,0.882994652354373
"522",0.0537883028367172,0.0369562959569678,0.909255401206315
"523",0.0249797549573413,0.0499527568166118,0.925067488226044
"524",0.101704588360641,0.13481351035758,0.763481900684991
"525",0.0662285629060028,0.134267198571807,0.799504238522191
"526",0.106452109229473,0.181593959948257,0.71195393082224
"527",0,0.0192784629416508,0.980721537058349
"528",0.0752358877927715,0.10920953194817,0.815554580259059
"529",0.0736099642125416,0.0841463378091755,0.842243697978283
"530",0.0631637895030137,0.097239906319428,0.839596304177558
"531",0.0377231521385075,0.0763485485527763,0.885928299308716
"532",0.0980975612396099,0.0752201017935869,0.826682336966803
"533",0.146273692723323,0.127102071279495,0.726624235951754
"534",0.140525545596832,0.105578556947253,0.753895897455915
"535",0.169724634010498,0.103465199951885,0.726810166037615
"536",0.174426051427861,0.077772965042877,0.747800983529262
"537",0.0708830919372386,0.0425275426118609,0.886589365450901
"538",0.120040350748863,0.135045524822698,0.744914124420346
"539",0.0355295973851754,0.0355332571221793,0.928937145492461
"540",0.058642142850603,0.104177440023237,0.83718041712616
"541",0.108610060115828,0.0905068046872441,0.800883135196928
"542",0.129747370352127,0.0209978332704996,0.849254796377374
"543",0.170728466878728,0.0975599812777499,0.731711551843522
"544",0.0378833783866728,0.112748700283264,0.849367921329563
"545",0.085619770940993,0.114159800476661,0.800220428560301
"546",0.046301169562961,0.0948377200847177,0.858861110352321
"547",0.0920013617483425,0.17710687759299,0.730891760658667
"548",0.0697388611320924,0.111390017160802,0.818871121707106
"549",0.128739011443573,0.131371237302217,0.739889749466002
"550",0.0713990864422365,0.149452867316482,0.779148046241282
"551",0.086675348648209,0.114461613560771,0.79886303779102
"552",0.0816688189519625,0.180291732683399,0.738039448218984
"553",0.0821177135295547,0.0648522592811024,0.853030027178899
"554",0.143492703710743,0.0969580284707664,0.759549267818491
"555",0.0395211197988273,0.158088532356279,0.802390347844893
"556",0.0884933765762928,0.135921526512994,0.775585096910713
"557",0.135868888854731,0.0924106626097833,0.771720446258804
"558",0.0363209758952803,0.0907917500260648,0.872887274078655
"559",0.0532912664767486,0.0713809096520289,0.875327814882075
"560",0.0704772180326759,0.0894424596083318,0.840080322358992
"561",0.0907513757524158,0.136901081588457,0.772347542135991
"562",0.095215729830902,0.0222256973439776,0.882558572283645
"563",0.166224051193361,0.131710533202057,0.702065415604582
"564",0.100954421873566,0.171660406855335,0.727385171271099
"565",0.0687964645178652,0.120400339880342,0.810803195546927
"566",0.0951806331080304,0.0823045578738429,0.822514809018127
"567",0.148053397524211,0.111043387439862,0.740903215033964
"568",0.157673399658157,0.0700785533007117,0.772248047041131
"569",0.0995715016731276,0.069238010455982,0.83119048787089
"570",0.146567314664551,0.0637890029979584,0.78964368233147
"571",0.127724930647845,0.157895113224549,0.714379956127606
"572",0.0753337110174303,0.0357867503911764,0.888879538512795
"573",0.164555920816417,0.137789954474805,0.697654124708778
"574",0.0861611007975932,0.0690018150255116,0.844837084168959
"575",0.148204807595857,0.12245873942824,0.729336452975903
"576",0.0978951670384972,0.0195983069422972,0.882506524525739
"577",0.0777462786710895,0.143767970949223,0.778485750379688
"578",0.117061841008965,0.150508468362244,0.732429690628051
"579",0.129968008892572,0.0800206186610773,0.790011367604114
"580",0.13528733936423,0.0677961193277638,0.79691654050925
"581",0.0894856713359453,0.119938548485129,0.790575780178926
"582",0.0757584716940383,0.0548180914643178,0.869423436841644
"583",0.129764398922787,0.161012256633549,0.709223344443664
"584",0.191998747402862,0.0530947921975813,0.754906460399557
"585",0.050970024573779,0.0666491775340455,0.882380797892175
"586",0.0351548115148816,0.0536378241739073,0.911207364310497
"587",0.134946340228196,0.117170157939546,0.747883501832259
"588",0.176226617894423,0.0572005073706612,0.766572874734791
"589",0.093914911558949,0.0820697237946623,0.824015364646389
"590",0.124294948163694,0.124340199760116,0.751364852030962
"591",0.0702394083599324,0.112490584653103,0.817270006986965
"592",0.0791990169139004,0.105808503129638,0.814992479866045
"593",0.0591927062924174,0,0.940807293707583
"594",0.130698964653813,0.156245220453623,0.7130558148531
"595",0.0951939977761721,0.134794162310707,0.770011839913121
"596",0.12607262651725,0.0504285327977203,0.82349884068503
"597",0.0697306145276546,0.246699119435054,0.683570266037292
"598",0.0797399208293554,0.0861733830869244,0.834086696082065
"599",0.0335147039667641,0.149034864262429,0.817450431688502
"600",0.161472789953169,0.0297531094306036,0.808774100616227
"601",0.0819600684137367,0.0820963172106727,0.835943609527525
"602",0.100847608584923,0.139766133599956,0.759386257815121
"603",0.0538408255634205,0.103205486858062,0.842953687578517
"604",0.0892854270977839,0.0892225030550109,0.821492069847205
"605",0.090528782233736,0.115391516311706,0.794079701454558
"606",0.14902432336009,0.0921132259006611,0.758862450739248
"607",0.102928117854703,0.119497070889809,0.777574811255488
"608",0.124897872205152,0.203667015037853,0.671435112756612
"609",0.128762677998933,0.0641716808157985,0.807065641080257
"610",0.0682782384413576,0.0821230800833216,0.849598681475321
"611",0.137917328074458,0.220688991858964,0.641393679969715
"612",0.0828837500613688,0.10302616904595,0.814090080892682
"613",0.0895257117794815,0.0663600266205294,0.844114261599989
"614",0.165356568425786,0.0401838093903948,0.794459622183819
"615",0.123705498266476,0.0580921025940599,0.818202390219711
"616",0.0977682466318666,0.0959608070063286,0.806270946361805
"617",0.109770166623932,0.0548898684328432,0.835339964943225
"618",0.124763012388767,0.123887393603567,0.751349585589873
"619",0.092648194349933,0.047746390077796,0.859605414496063
"620",0.0924036970502307,0.127373917020377,0.780222385929392
"621",0.127996168658832,0.122143224944541,0.749860606396627
"622",0.104464617511156,0.142068228650586,0.753467153838257
"623",0.116969139150732,0.124842273938843,0.758188573238879
"624",0.0862595402804829,0.103394178709514,0.810346279398278
"625",0.0984821371404566,0.134320425813237,0.767197437046306
"626",0.0787427195162085,0.14952413573506,0.771733144748732
"627",0.091581502332902,0.09937368216863,0.809044815498468
"628",0.0413077802088864,0.0826293434489084,0.876062876342205
"629",0.116447757733413,0.0373065435275736,0.846245698294506
"630",0.107709998266576,0.0641697178134832,0.828120283919941
"631",0.0945779398671593,0.102721891619472,0.802700168513369
"632",0.0920998887500118,0.123392919987833,0.784507188533059
"633",0.087037159991987,0.0827964473282273,0.830166392679786
"634",0.0351865945170094,0.0682355146843504,0.89657789079864
"635",0.13992117226533,0.159351938970355,0.700726888764315
"636",0.134153211564861,0.0598655082272474,0.805981280207892
"637",0.07171124205009,0.089257863944679,0.839030894005231
"638",0.177883736825909,0.0913488937731992,0.730767369400891
"639",0.071358302286385,0.17873132438646,0.749910373327155
"640",0.158302276294082,0.0855185529871843,0.756179170718733
"641",0.155790344021206,0.0289650854529608,0.815244570525833
"642",0.10796856434644,0.108945756752284,0.783085678901276
"643",0.0428260257695026,0.171287768105772,0.78588619864629
"644",0.101879589490338,0.0859407083557509,0.812179699725675
"645",0.0535328660083929,0.111046139176151,0.835420994815456
"646",0.0342922167483421,0.089171226213423,0.876536557038235
"647",0.0526382653479818,0.123247352672102,0.824114381979917
"648",0.0959442499898792,0.156104131395055,0.747951617583282
"649",0.0413524516643222,0.0834569316579005,0.875190616677777
"650",0.0824706578183961,0.0967522480472365,0.820777094134014
"651",0.128080969585497,0.0640405603964243,0.807878470018079
"652",0.162260629380952,0.0691499867018293,0.768589383917219
"653",0.082365578262893,0.0744315275975053,0.843202894139602
"654",0.0833048497794514,0.0832859417246966,0.833409208396947
"655",0.158624543988398,0.0153132742647131,0.826062181746889
"656",0.196602263160408,0.0605465638332456,0.742851173006347
"657",0.0604024867035835,0.119420427949928,0.820177085346489
"658",0.151602650815728,0.0303027648839385,0.81809458430033
"659",0.0474943121534143,0.145427976870798,0.807077710951306
"660",0.107634422114606,0.124493997849233,0.767871579287441
"661",0.176758431098243,0.104512115693627,0.718729452830241
