"A","B","C"
"1",0.0890442886243108,0.0890991568037674,0.821856553702615
"2",0.175292677492408,0.132568172130998,0.692139150376594
"3",0.113636674146479,0.0757571848944512,0.810606140957866
"4",0.113074707544692,0.0374135795831298,0.849511712872178
"5",0.0757172216042837,0.106655459310846,0.81762731908487
"6",0.0752860566811988,0.0579774967054919,0.866736446613309
"7",0.0474136980156583,0.0843263318122913,0.86825997017205
"8",0.0631058659614069,0.159917927126002,0.776976206912591
"9",0.161102900489372,0.0894997913774617,0.749397308115387
"10",0.0771197989724609,0.0595639808731713,0.863316220154368
"11",0.192946928235129,0.0905739068633751,0.716479164901496
"12",0.0393633928367217,0.100659070634748,0.859977536527024
"13",0.0825776728362341,0.0664672496139517,0.850955077549814
"14",0.130856598871672,0.0654385843008483,0.80370481682748
"15",0.0865335783928298,0.0692199093161179,0.844246512291052
"16",0.144760371588609,0.139650066086562,0.715589562324829
"17",0.202877720848499,0.108657141853024,0.688464969342652
"18",0.125183482159968,0.0846706918141683,0.790145826025864
"19",0.125778287242564,0.0827756331070487,0.791446063180819
"20",0.154375430123986,0.1268034809111,0.718821088964914
"21",0.114384005764876,0.11506236197462,0.770553632259845
"22",0.155963067622258,0.0860400799148563,0.7579968524625
"23",0.139693970045654,0.150185936291749,0.710120093662598
"24",0.0882572842527488,0.0536207560852327,0.858121959662018
"25",0.104348227541178,0.141027745507499,0.754624026951322
"26",0.0644780410532488,0.16173799595376,0.773783962992992
"27",0.0831599725628848,0.20561410453627,0.711225922900537
"28",0.102529212091767,0.134161158674772,0.763309629233461
"29",0.0727525470323521,0.0538210102589947,0.873426442708653
"30",0.129799469166687,0.120029880342089,0.750170650491224
"31",0.0957132199586036,0.119425939786589,0.784860840254808
"32",0.146788910722782,0.049714794919065,0.803496294358154
"33",0.0988641165696288,0.0832430254863037,0.817892857856643
"34",0.108421935831317,0.0722828885744655,0.819295175527842
"35",0.083690303564694,0.0834142470981279,0.832895449337178
"36",0.159176055711021,0.095710964002237,0.745112980286742
"37",0.0700231330596326,0.15183048370713,0.778146383233238
"38",0.149269887062589,0.138191580934605,0.712538531548354
"39",0.123288129574852,0.0515379862479241,0.825173884177224
"40",0.100066362980948,0.113723901676162,0.786209735342889
"41",0.115558039112829,0.0315499784798649,0.852891982407306
"42",0.0556436068438586,0.166930605413289,0.777425787712415
"43",0.0223134768803543,0.155468298137121,0.822218224980516
"44",0.0874383645495891,0.0733179263223045,0.839243709128106
"45",0.176067109872551,0.0200438671359004,0.803889022916579
"46",0.0663261242375563,0.0634758075800256,0.870198068182418
"47",0.0536410793576046,0.0742579750847051,0.87210094555769
"48",0.106335599474769,0.122495724283148,0.771168676241434
"49",0.0688531964358715,0.104912288157945,0.826234515406184
"50",0.105007572019501,0.0506218581379813,0.844370569841445
"51",0.090714461323906,0.0907140077527332,0.818571530922425
"52",0.0665541469373625,0.0993020143166602,0.834143838745977
"53",0.158437753741602,0.0383959427058328,0.803166303552565
"54",0.0996357291646042,0.0478236758153181,0.852540595020078
"55",0.132338839347635,0.0653218505556763,0.802339310096686
"56",0.0963049513373164,0.0481525806681323,0.855542467993822
"57",0.0945350961855091,0.158253496213828,0.7472114074729
"58",0.0926969756235116,0.115869533463134,0.791433490910824
"59",0.0999787098183733,0.0509541526877821,0.849067137493845
"60",0.0671263445696929,0.133231282410166,0.799642364598379
"61",0.0532554806489391,0.0532548948418739,0.893489624451086
"62",0.0323187447834219,0.0928697891820142,0.874811466034564
"63",0.138202788012188,0.083722862209836,0.778074349777976
"64",0.0842305571548433,0.101076106925152,0.814693335514785
"65",0.0988725939825985,0.0181248530271508,0.883002552983662
"66",0.035008221144144,0.0856057902305089,0.879385988625347
"67",0.057267047670423,0.0839335466139402,0.858799405715637
"68",0.105713009766038,0.104719774400658,0.789567215833304
"69",0.0796556752019636,0.0952660292148653,0.825078295583126
"70",0.0764669839322843,0.12202172041673,0.801511295650986
"71",0.111863586251226,0.0724196845911268,0.815716729157648
"72",0.173966164905855,0.154639380024997,0.67139445506176
"73",0.0476828347176459,0.162548183873242,0.78976898129947
"74",0.0798031094016403,0.0583285958892039,0.861868294709156
"75",0.101591224578815,0.115342637967969,0.783066137453217
"76",0.117236381382114,0.154413219171461,0.728350399446424
"77",0.125171195982871,0.101942952556537,0.772885851460592
"78",0.158773962706595,0.062910845452096,0.778315191474254
"79",0.0614981694421269,0.164072500966622,0.774429329591251
"80",0.105599258251245,0.114667122858159,0.779733618890596
"81",0.147162825952962,0.0609510225906942,0.791886151456344
"82",0.111658498987502,0.163913704470977,0.724427796541521
"83",0.110542652656787,0.14293806769044,0.746519279652773
"84",0.124524112599067,0.141707542317832,0.733768345083101
"85",0.0511244388786925,0.112505109548821,0.836370451572487
"86",0.0704271872308301,0.105400709846482,0.824172102922688
"87",0.141148759880629,0.116325624795347,0.742525615324024
"88",0.163723291981688,0.0410018734191664,0.795274834599145
"89",0.120786649981719,0.103504880480773,0.77570846952705
"90",0.111336708988005,0.0556663048540946,0.832996986156172
"91",0.0667850310263078,0.0650142169962818,0.86820075197741
"92",0.0166770459706392,0.167596328446619,0.815726625582741
"93",0.118786425528605,0.0817354765548227,0.799478097916572
"94",0.0602556913215691,0.0582513361091169,0.881492972569314
"95",0.133242499026205,0.108569961211359,0.758187539762436
"96",0.112689872803019,0.11701820924143,0.770291917955551
"97",0.104359709273978,0.0590924800066156,0.836547810719407
"98",0.0665802072227773,0.1922132330399,0.741206559736929
"99",0.0526900268207899,0.105143932084499,0.842166041094711
"100",0.131529880228996,0.0153127230063959,0.853157396764608
"101",0.0354989267860693,0.104658373983683,0.859842699230248
"102",0.0512133255504,0.0819715112270972,0.866815163218048
"103",0.102018938528356,0.0626455386364613,0.835335522835183
"104",0.0781746728344143,0.131706204473199,0.790119119517848
"105",0.123139644971359,0.125538569286448,0.751321785742192
"106",0.0782404706818361,0.0550204008818122,0.866739128436352
"107",0.053910868410283,0.112965458823176,0.833123672766542
"108",0.0164786790607283,0.085695247345457,0.897826073243815
"109",0.0784906512409949,0.133732766011688,0.787776582747317
"110",0.066718526565643,0.149566285218987,0.783715188174445
"111",0.0543943924290422,0.0529051701345077,0.89270043743645
"112",0.137454235342386,0.110820417170747,0.751725347486867
"113",0.167450882391427,0.122850733397116,0.709698384211457
"114",0.133055659947621,0.190078194314969,0.676866145699212
"115",0.109786721028628,0.111946332679789,0.778266946291583
"116",0.0983331598678959,0.130248127406787,0.771418712725318
"117",0.0894979804021448,0.097343509684395,0.81315850991346
"118",0.135480149426447,0.144384536227936,0.72013531430716
"119",0.133127496391628,0.0927878114029613,0.774084691793441
"120",0.126671178647158,0.0834539167516301,0.789874904601212
"121",0.1044517378858,0.147554135135227,0.747994126978973
"122",0.0904918555763384,0.105844480642621,0.803663663781041
"123",0.0730826885016949,0.0547367056102696,0.872180605888036
"124",0.106037170736537,0.157449961018761,0.736512862396769
"125",0.0678225426357991,0.114429123996934,0.817748332216843
"126",0.0540921099665176,0.0733680337717271,0.872539856261755
"127",0.0935207620409596,0.0833004095359179,0.823178828423123
"128",0,0.0975210600065242,0.902478939992196
"129",0.107810554559117,0.152044852931637,0.740144592509246
"130",0.0470543411654791,0.0732076650176845,0.879737993816836
"131",0.0594638912057897,0.0782955882985337,0.862240520495677
"132",0.0553766641455518,0.207818329088013,0.736805006766435
"133",0.0826006702984816,0.109744484491283,0.807654845210236
"134",0.0664966625319823,0.124023586213135,0.809479751254883
"135",0.00704004240742958,0.164623688581231,0.828336269011339
"136",0.106483033145154,0.106485162827113,0.787031803981037
"137",0.064738955203525,0.159919907219308,0.775341137577167
"138",0.0993763135763718,0.0519847700103318,0.848638916413296
"139",0.156726897746237,0.0905294114088636,0.7527436908449
"140",0.0351449769666792,0.0793477193769359,0.885507303656286
"141",0.0874412647804708,0.129955918997162,0.782602816222367
"142",0.100541760336679,0.0951221796567593,0.804336060006562
"143",0.134330377826199,0.076831389318941,0.788838232843299
"144",0.0970211731399377,0.164122686158104,0.738856140701958
"145",0.0357657894396195,0.122289090298003,0.841945120262357
"146",0.107765658322512,0.125724881469839,0.766509459413803
"147",0.114174217696788,0.118933380338064,0.766892401965149
"148",0.141416719085493,0.0807882865126769,0.777794994401667
"149",0.0690894652818092,0.13137637075151,0.799534163966681
"150",0.129725452346025,0.0664111731201776,0.803863366207242
"151",0.1671304483479,0.107330690652901,0.725538860999198
"152",0.070158749810326,0.125304594444306,0.804536655745368
"153",0.0673334427821473,0.0971191945772768,0.835547362640576
"154",0.113107303145234,0.0957898714597373,0.791102825395028
"155",0.116622518377699,0.0690102731877218,0.81436720843458
"156",0.0976886692348482,0.0170963087433487,0.885215021146347
"157",0.0985621930518534,0.101238563899796,0.80019924304835
"158",0.0366941929783317,0.0733947577718335,0.889911049249296
"159",0.144796195258588,0.122183645483611,0.733020159156174
"160",0.0609828382000811,0.120164241193112,0.818852920606807
"161",0.0888341409091842,0.0444128590525074,0.866753000036243
"162",0.103774049289759,0.0830171267281511,0.81320882398209
"163",0.0547617958487656,0.096243630541241,0.848994573609993
"164",0.110268279494115,0.057936483649455,0.83179523685643
"165",0.11759398307055,0.0598324927125741,0.822573524216876
"166",0.156176906980713,0.0403856039601087,0.803437489059179
"167",0.0958898455857502,0.142860708746009,0.761249445668039
"168",0.184049320836772,0.0998951134173067,0.716055565729167
"169",0.113409299634509,0.144712265530973,0.741878434834518
"170",0.0626170084837826,0.0443674877010786,0.893015503815139
"171",0.140649484258322,0.0997802101021533,0.759570291976648
"172",0.0729080898158771,0.0727789382992856,0.854312971884837
"173",0.0825222731104253,0.0825123710317891,0.834965355857786
"174",0.0672232518475055,0.153175787123215,0.779600958661978
"175",0.014774564877647,0.111604024704023,0.87362141041833
"176",0.0640362488496032,0.205411094734761,0.730552656415636
"177",0.0882136098290889,0.098088414190294,0.81369797377428
"178",0.20905357526992,0.0502983644221855,0.740648060307894
"179",0.138279992089782,0.0640559267890771,0.797664081121141
"180",0.124695485258853,0.0679647132170283,0.807339801524119
"181",0.156643048942511,0.0300060384550017,0.813350912602487
"182",0.116717634412267,0.13299248685417,0.750289878713482
"183",0.154208154378443,0.102809456857036,0.742982388764521
"184",0.112581232310324,0.159501771071791,0.727916996617885
"185",0.0637743895899831,0.0771029616303412,0.859122648779676
"186",0.091732836972457,0.0916173263848238,0.816649836642719
"187",0.0759235179556049,0.0718123517278199,0.852264130316575
"188",0.0731831165452785,0.0888649450693043,0.837951938385417
"189",0.070313013412033,0.156591247976342,0.773095738611625
"190",0.140479906031285,0.0769015060599738,0.782618587908741
"191",0.125154864395454,0.0511653162572206,0.823679819347326
"192",0.0949436010058142,0.143165748817714,0.761890650176471
"193",0.0550347319149095,0.152495406653506,0.792469861431585
"194",0.0758717765195176,0.0932736610729102,0.830854562407572
"195",0.0568336202314901,0.0884821694084426,0.854684210360067
"196",0.0897468869320607,0.134620988947797,0.775632124004222
"197",0.0332842981216723,0.0517599020552563,0.914955799823071
"198",0.130997710453455,0.0725917185375709,0.796410571008974
"199",0.0916919107304453,0.104290488155435,0.80401760111412
"200",0.0613227643884592,0.0764325103909931,0.862244725220548
"201",0.148143384991212,0.149460422041166,0.702396192967623
"202",0.125097007916803,0.0484116021895282,0.826491389893669
"203",0.138650083461983,0.0667606192172014,0.794589297320815
"204",0.0186894381963087,0.147558921227417,0.833751638098039
"205",0.0951259349374501,0.114113166505322,0.790760898557228
"206",0.0918480487541253,0.139959286220519,0.768192665025355
"207",0.118143849950594,0.0311957837474582,0.850660366301948
"208",0.130904926245773,0.0400526687145642,0.829042405039663
"209",0.0593268361651155,0.080228976514617,0.860444187320267
"210",0.109257974683574,0.0651507506988598,0.825591274609726
"211",0.110547141914524,0.156242932194884,0.733209925890592
"212",0.033990746580048,0.0943859595174089,0.871623293902543
"213",0.0962852544927786,0.151326716757102,0.752388028750001
"214",0.032130863106477,0.165810245598016,0.802058891295507
"215",0.110046521809879,0.127272976616025,0.762680500114402
"216",0.113077413257336,0.0565399041628148,0.830382682038317
"217",0.0482404998853825,0.144685860779657,0.80707363933496
"218",0.0961701809990749,0.137103942261413,0.766725876739512
"219",0.124848717501761,0.137256130266878,0.73789515223136
"220",0.147497095124523,0.0786711480533567,0.77383175682212
"221",0.126352601721954,0.136644057581024,0.737003340697021
"222",0.119418333651909,0.136479952723509,0.744101713620682
"223",0.097411612876651,0.0378868252247252,0.864701561898624
"224",0.0790143194266177,0.0790142404123377,0.841971440150966
"225",0.0938483323160531,0.0815891259929773,0.824562541686743
"226",0.100580747298014,0.0460034714802246,0.85341577938311
"227",0.145064291979316,0.151626921077805,0.703308786942879
"228",0.0766289317154555,0.145894346271943,0.777476722012602
"229",0.0645948614630791,0.079527976364262,0.855877162172659
"230",0.103750729752869,0.133681645418632,0.762567624828498
"231",0.0514107946459576,0.131788473396055,0.816800731957987
"232",0.100427017818355,0.132936859225809,0.766636122955836
"233",0.0788349202858803,0.0175187554939962,0.903646324190521
"234",0.0988196476318116,0.0840828353166092,0.817097517051579
"235",0.0501693197227785,0.119833188391279,0.829997491885942
"236",0.081727990704189,0.182075155959185,0.736196853284964
"237",0.120278461841653,0.103095791427235,0.776625746731112
"238",0.0976689690520304,0.110160334838689,0.792170696109281
"239",0.0678053220263019,0.101733910883923,0.830460767089775
"240",0.0907514655296546,0.13530677693066,0.773941757539686
"241",0.0649635022443893,0.104347388646541,0.83068910910907
"242",0.16676372227039,0.124490445985266,0.708745831742968
"243",0.0699289486664855,0.14683062440231,0.783240426931205
"244",0.178041735146485,0.134187220123417,0.68777103867638
"245",0.0584782575207666,0.073844314497301,0.867677427981932
"246",0.0944899211752095,0.0645205756064009,0.840989499851044
"247",0.0446256727712792,0.0330939112758858,0.922280415952835
"248",0.142078571714883,0.12027012161569,0.737651305012695
"249",0.100837283623734,0.10452352487276,0.794639191503506
"250",0.0693462614970371,0.151216447493846,0.779437291009117
"251",0.0744379775034191,0.167195913893902,0.758366108602679
"252",0.110654414967321,0.124417390555042,0.764928194477636
"253",0.140691085723045,0.0855002761266981,0.773808638150257
"254",0.0383713132251895,0.134160940662032,0.827467746112778
"255",0.0153107729506432,0.163808603596257,0.8208806234531
"256",0.141664633247316,0.0478133326628075,0.810522034089876
"257",0.114977747548311,0.0931590837799806,0.791863168671708
"258",0.156714842363288,0.105038595962619,0.738246561674093
"259",0.141759636709216,0.0499705546091251,0.808269808454486
"260",0.113556074923434,0.0833651842447133,0.803078740547748
"261",0.131152556583749,0.0327533157001251,0.836094127716126
"262",0.105951943579259,0.113899289083896,0.780148767336845
"263",0.0825683882935904,0.148623891849358,0.768807719797343
"264",0.121098369252667,0.0930019243008994,0.785899706446434
"265",0.128553454261153,0.110366296764565,0.761080248974275
"266",0.0922308055119408,0.0891793214979906,0.818589871427805
"267",0.0672920529946421,0.100878734441354,0.831829212564003
"268",0.0780118883240393,0.159572957188874,0.762415154487086
"269",0.0660841368080226,0.0912632995449561,0.842652563647021
"270",0.0808107690012997,0.0404148073494023,0.878774423649298
"271",0.08034812774872,0.0964357314094048,0.823216139977079
"272",0.0356556955256535,0.122469852344979,0.841874452129368
"273",0.0790594690098705,0.0367440144965922,0.884196516401024
"274",0.132463191240727,0.0703414193228504,0.797195389436423
"275",0.0541976041607027,0.0556321740464313,0.890170220824232
"276",0.0731085125283225,0.0190835710495141,0.907807916422163
"277",0.164180998496433,0.163986887214673,0.671832107057455
"278",0.048593522737706,0.140947889636598,0.810458587625696
"279",0.0756869757311738,0.130918906154953,0.793394118113874
"280",0.141041492190227,0.214186925615616,0.644771582194156
"281",0.0690258970031382,0.103272461509595,0.827701641477607
"282",0.119023206892527,0.0880439824336504,0.792932810661712
"283",0.0974207506338804,0.0706642815285561,0.831914967837563
"284",0.106198079758056,0.101893283690872,0.791908636551072
"285",0.0716710207582162,0.146760718082701,0.781568261159083
"286",0.115667058338896,0.143511314314429,0.740821627346674
"287",0.161459460480892,0.126927631388731,0.711612906168842
"288",0.0567884366727435,0.0825143918915409,0.860697171435716
"289",0.0394877323566855,0.116016224815039,0.844496042828276
"290",0.0962732651222795,0.0843248548403574,0.81940188003579
"291",0.107627455689729,0.173520331954984,0.718852204509927
"292",0.0652187163921143,0.195653744837635,0.739127538770251
"293",0.0939999501749962,0.0941211001146341,0.81187894961242
"294",0.0679594184351624,0.162148201208016,0.769892380356821
"295",0.160773135750503,0.0595790663454839,0.779647797904013
"296",0.138126937461052,0.0259545803048606,0.835918482234087
"297",0.0459051237913357,0.0566122696665639,0.8974826065421
"298",0.12144430763422,0.104585172189787,0.773970519462425
"299",0.103233867224733,0.143693271679277,0.753072850395586
"300",0.147178169513479,0.10167819656661,0.751143633919911
"301",0.0652860463127415,0.132783147492679,0.80193080619458
"302",0.0679781192332381,0.215272760469459,0.716749120297303
"303",0.106611577684464,0.0922112476056353,0.8011771747099
"304",0.0594228089501712,0.152682735110621,0.787894455939207
"305",0.0977838239911735,0.0575882851668939,0.844627890839822
"306",0.0967343972474445,0.129543282117494,0.773722320475278
"307",0.0883014986702044,0.095092212617611,0.816606288712185
"308",0.0734398445346019,0.117989853019311,0.808570302446087
"309",0.0290687522639297,0.0914547936635117,0.879476454072559
"310",0.0768511147429763,0.0666183440174449,0.856530541239579
"311",0.0979519146465736,0.0582293597957328,0.843818725557694
"312",0.0979951549518773,0.0994589541731812,0.802545890812169
"313",0.141372003323402,0.0908890686939795,0.767738927773031
"314",0.111595326329041,0.138502194504297,0.749902479166662
"315",0.0877930124135732,0.0666784566642234,0.845528530922203
"316",0.0520231785861435,0.118819954656108,0.829156866757749
"317",0.168326492761382,0.090941050756257,0.740732456482361
"318",0.0187822876701545,0.053108621606221,0.92810909072115
"319",0.0528105651676724,0.0908487711462917,0.856340663686036
"320",0.126342197671755,0.0625880321564797,0.811069770171765
"321",0.0595602094787361,0.0577589158740017,0.882680874647262
"322",0.0177693762649648,0.0863774409065229,0.895853182828512
"323",0.109454288195869,0.201224057809984,0.689321653187311
"324",0.0912118375768762,0.159620589988767,0.749167572388478
"325",0.110356566787543,0.0907906802258454,0.798852752986611
"326",0.151220062653053,0.132325149091089,0.716454788255302
"327",0.0928902963860702,0.176104785162186,0.731004918451744
"328",0.0589098507336014,0.109575994443815,0.831514154822583
"329",0.0823647092496982,0.0823669331268704,0.835268357437625
"330",0.133463118859399,0.0341517960104213,0.83238508513018
"331",0.0951540573518629,0.119742695254868,0.785103247389856
"332",0.103096960415968,0.127200668791491,0.769702370792541
"333",0.121955956078581,0.0736220787527111,0.804421965168708
"334",0.0990630617727109,0.084534322468072,0.816402615759217
"335",0.0852348912256329,0.0766253430643401,0.838139765710027
"336",0.0363897281547665,0.0534528812356132,0.910157390608486
"337",0.0812149323366565,0.0488329908294248,0.869952076833919
"338",0.128407509925656,0.0642032529273778,0.80738923714247
"339",0.0978786427958822,0.117795653408675,0.784325703704174
"340",0.131569233586104,0.111907563453641,0.756523202960255
"341",0.0645122568478865,0.0693402284161198,0.866147514735994
"342",0.0700403844835604,0.112017151379533,0.817942464136906
"343",0.0314926699413324,0.141496476891142,0.827010853167525
"344",0.0881524144481201,0.188992115770845,0.722855469781035
"345",0.0508195924647172,0.101721832819172,0.847458574716111
"346",0.079313734853562,0.0963147346437697,0.824371530502668
"347",0.106774548946015,0.06483915031046,0.828386300743525
"348",0.102298843169967,0.0921325558654981,0.805568600964534
"349",0.173068643979982,0.0761418693251326,0.750789486694886
"350",0.093983092687248,0.135738589639877,0.770278317672875
"351",0.0732428538433434,0.100735743257559,0.826021402899098
"352",0.129638592872832,0.172974385717894,0.697387021409274
"353",0.0443787730229939,0.120204837900979,0.835416389028184
"354",0.0634566764871019,0.108272306791078,0.828271014482881
"355",0.138070765402909,0.0783718139286428,0.783557420668448
"356",0.118035613303036,0.0817206224337264,0.800243764263238
"357",0.182040195794691,0.0987195023092528,0.719240301896056
"358",0.0883309191893259,0.121555896077729,0.790113184732946
"359",0.0320883820221583,0.0319953325340149,0.935916285443827
"360",0.0215088702261342,0.125438351993387,0.853052777780194
"361",0.0971832549847036,0.103483111223449,0.799333633791847
"362",0.102227074408333,0.0872849067658467,0.81048801882582
"363",0.0821869149217693,0.0691501414404806,0.84866294363775
"364",0.0687256986587138,0.0879950180673776,0.843279283261212
"365",0.0836665836207621,0.0822965064555791,0.834036909923659
"366",0.111058320314275,0.0639317093059524,0.825009970379773
"367",0.036303253327226,0.0743089469177278,0.889387799755046
"368",0.13401838431293,0.170218684009872,0.695762931677198
"369",0.122898556436919,0.107418806161274,0.769682637401807
"370",0.0557037217514957,0.114270330622786,0.830025947625718
"371",0.13063325746418,0.0501564357286104,0.819210306807209
"372",0.0484152008704523,0.051681032189659,0.899903766939889
"373",0.0960798874106285,0.0445643408153911,0.85935577177398
"374",0.0637885474343835,0.091417567715102,0.844793878590664
"375",0.0917667922655062,0.170294704516457,0.737938503218037
"376",0.0554489587914864,0.112833461117775,0.831717580090738
"377",0.0177839082149043,0.158383770559699,0.823832321225397
"378",0.12734574935953,0.0477784558396811,0.824875794800789
"379",0.0803683559097187,0.0957882010906021,0.823843442999679
"380",0.107653865423027,0.107272800843033,0.785073332397349
"381",0.0642690041207754,0.0803410311777222,0.8553899647011
"382",0.0468236357579688,0.114673402876809,0.838502961365222
"383",0.0545173409275703,0.163226830765461,0.782255828306952
"384",0.111346121463688,0.0796501214506134,0.809003757085699
"385",0.166491207193153,0.060028262823662,0.773480529983185
"386",0.066689348873504,0.147366879015148,0.785943772111348
"387",0.0713458360548188,0.0767415269856513,0.85191263695953
"388",0.136703880365818,0.155192010754097,0.708104108880077
"389",0.090881110443677,0.0780338083907776,0.831085081165545
"390",0.0854836669413443,0,0.914516333058656
"391",0.111803263898898,0.0318419548260348,0.856354781275067
"392",0.132531914127057,0.149075289615879,0.718392787854902
"393",0.0410768049123657,0.0792560384517344,0.8796671566359
"394",0.0765335666315433,0.0897766055488465,0.83368982781961
"395",0.105301870458395,0.0786762382888942,0.81602189125271
"396",0.137994723626757,0.0334069996985198,0.828598276674723
"397",0.153676420206081,0.142853584964932,0.703469994828985
"398",0.0776761076046203,0.0927230148972697,0.82960087749811
"399",0.0189253777055387,0.0971986436494133,0.883875978645048
"400",0.0489589102217922,0.0968402176331017,0.854200872144756
"401",0.11251055992764,0.0893414086651569,0.798148031407203
"402",0.0728389617933571,0.135763038421955,0.791397999784688
"403",0.142502139867193,0.032627680272274,0.824870179860533
"404",0.0638535956595776,0.0525672285946846,0.88357916806275
"405",0.10923802006861,0.160970991517459,0.729790985447932
"406",0.154653106377809,0.0579837376237249,0.787363155993583
"407",0.0998634832730039,0.0998633834095704,0.80027313330385
"408",0.125679802115257,0.198604501880564,0.675715695933407
"409",0.102629171057435,0.0609998991336055,0.836370929808959
"410",0,0.0924508980350563,0.907549101964944
"411",0.0481768424581645,0.0200927983270986,0.931730359214737
"412",0.07072243897209,0.0738401709595585,0.855437390068352
"413",0.130805930102779,0.115750009515375,0.753444060056011
"414",0.0927131540167184,0.191078313298682,0.716208525494127
"415",0.0487953430092808,0.14465547463534,0.806549182355379
"416",0.0839034534092604,0.108656526469025,0.8074400199532
"417",0.0963945320199431,0.101982423338325,0.801623044641732
"418",0.123125974693831,0.118248697883571,0.758625327422597
"419",0.101901410982054,0.141815481543484,0.756283107474463
"420",0.0815372392050023,0.105879942961534,0.812582817833104
"421",0.141806026540601,0.056370789827461,0.801823182997303
"422",0.147383808387069,0.104230013534263,0.748386178078668
"423",0.0986513513822188,0.0984175292650545,0.80293111935272
"424",0.0530564297935292,0.134344320496788,0.812599249709683
"425",0.0351870930012932,0.101140671936995,0.863672235061712
"426",0.0708450600458568,0.10779187014997,0.821363069092722
"427",0.047081272460737,0.133778481600908,0.819140245938355
"428",0.11693186413194,0.107857014196719,0.775211121671341
"429",0.0563847870560513,0.0400996011977889,0.90351561174616
"430",0.0817985747952478,0.08179652985644,0.836404895347651
"431",0.158047267525774,0.103302765761992,0.738649966077491
"432",0.101804977151781,0.165170619035128,0.733024403813091
"433",0.0806574929940168,0.158150436187044,0.7611920625408
"434",0.135312446252491,0.10614907998466,0.758538473762849
"435",0.0628234275832881,0.094357716521091,0.842818855894938
"436",0.0301070280794983,0.0920579836433345,0.877834988277167
"437",0.0861293828669846,0.0673956595610855,0.84647495757193
"438",0.0797455335138375,0.142304870856496,0.777949594874475
"439",0.0581678794814758,0.0581677631458331,0.883664356606385
"440",0.050018812213191,0.166734908829792,0.783246278864488
"441",0.0811828020685196,0.0974161908717407,0.821401007059409
"442",0.168758876611999,0.168752801401797,0.662488321986204
"443",0.0782166176264043,0.1543580843924,0.767425285309996
"444",0.102197693590614,0.0840523744505614,0.813749931958825
"445",0.0889647879334223,0.0866312539216658,0.824403958144912
"446",0.0822708614095793,0.0851510715799896,0.832578067010431
"447",0.0514493827265538,0.1619115931001,0.786639020001298
"448",0.117549129933083,0.106431583821153,0.776019286245485
"449",0.142002332486225,0.0627803096324694,0.795217357881302
"450",0.0930040655762386,0.0697538912775854,0.837242043146176
"451",0.0658074440657283,0.113032565067242,0.82115999086703
"452",0.0082054581405964,0.118381511778873,0.87341303008053
"453",0.150494028337399,0.116089727447759,0.733416244214842
"454",0.0873024547674864,0.103155605497624,0.80954193973489
"455",0.0979081888885827,0.0391543760025264,0.862937435108891
"456",0.111328273332107,0.0478755652472862,0.840796161420607
"457",0.110395517572907,0.110294000401798,0.779310482025295
"458",0.105479278765199,0.0668300295584925,0.827690691676309
"459",0.156558889603351,0.0704355586844156,0.773005551712234
"460",0.123974442085482,0.0627943707769718,0.813231187137546
"461",0.0996475938812081,0.0689974053777642,0.831355000737462
"462",0.105149267716492,0.12206722748767,0.772783504795838
"463",0.0745869037752373,0.110529774725159,0.814883321499604
"464",0.0843042236586397,0.12971528930708,0.78598048703428
"465",0.144211369025782,0.0469381634326289,0.808850467541589
"466",0.0467425053608035,0.0824996400041661,0.87075785463503
"467",0.0694919754096228,0.070288787014858,0.860219237575519
"468",0.121561802555806,0.0545228454533057,0.823915351990889
"469",0.0332531846459334,0.115694551484485,0.851052263869582
"470",0.141934219159195,0.0857081315424868,0.772357638387681
"471",0.0584589443456267,0.0744415833574963,0.867099472296877
"472",0.159311384734322,0.0640387059883394,0.776649909277338
"473",0.0549133147905112,0.0930787442416679,0.852007940967821
"474",0.0735695906305112,0.155196455555871,0.771233953813618
"475",0.0763070903161468,0.124979767073638,0.798713142610215
"476",0.0327923181897953,0.0487514181086998,0.918456263701505
"477",0.117133642754001,0.133297240919496,0.749569115443071
"478",0.136271897497654,0.0854124723350835,0.778315630167262
"479",0.110406596623846,0.112174072566001,0.777419330810153
"480",0.12264130428945,0.146223879669916,0.731134816040634
"481",0.156697006449815,0.0477813332516207,0.795521636063886
"482",0.0937510428415537,0.0702103536769369,0.836038603481509
"483",0.0894390615977907,0.103266447541484,0.807294486947883
"484",0.126885563758383,0.130030053886604,0.743084381923463
"485",0.0756511868120246,0.0573018625430821,0.867046950644893
"486",0.0722248924324432,0.0925880197573263,0.835187087810231
"487",0.174921167414615,0.125807806918197,0.699271025667188
"488",0.12306236134622,0.141495969093346,0.735441669560434
"489",0.0844324653788155,0.112576950079055,0.802990584541781
"490",0.0996914512894879,0.103692410860262,0.79661613785025
"491",0.0954129696565159,0,0.904587030343484
"492",0.150500918189586,0.0975533282704745,0.751945753539927
"493",0.0797324662307478,0.0791655997850809,0.841101933984171
"494",0.17294266527492,0.0488133150472789,0.778244019677801
"495",0.149665885977592,0.119164558556581,0.731169555465827
"496",0.111651594675752,0.147264937571229,0.741083467753019
"497",0.079639476093056,0.067913640182818,0.852446883724126
"498",0.074992452919723,0.0561123808524108,0.868895166227866
"499",0.0831213165891641,0.101517498870265,0.815361184540571
"500",0.0750777360800488,0.112621997671449,0.812300266248502
"501",0.0911835986237868,0.0879026578342104,0.820913743542003
"502",0.00394004503290213,0.00903812871944361,0.987021826247654
"503",0.0475647996162024,0.112486361570185,0.839948838813602
"504",0.0862751071353194,0.137822980368077,0.775901912496604
"505",0.129206234727583,0.0541035523625053,0.816690212909912
"506",0.101144861061286,0.094087364216247,0.804767774722467
"507",0.0934194115056497,0.0650181951173961,0.841562392785851
"508",0.130418452777041,0.0546369365983821,0.814944610624577
"509",0.13667211878306,0.0903103221820768,0.773017559034863
"510",0.139344845840936,0.199144713925824,0.66151044023324
"511",0.0968499696942773,0.096849872844356,0.806300157428446
"512",0.0878667438923319,0.072424264832076,0.839708991275592
"513",0.065024145483712,0.0980322660508769,0.836943587606325
"514",0.135216926549401,0.112583745836221,0.752199327614378
"515",0.14049875383879,0.0866515253218707,0.77284972073946
"516",0.107164650412517,0.0426703560161354,0.850164993494892
"517",0.0961204448592944,0.0708359074157632,0.833043647724942
"518",0.075783316586826,0.140170308227042,0.784046375186132
"519",0.120888760341754,0.0996220760112287,0.779489163647018
"520",0.0316715034014388,0.128796717778815,0.839531778819746
"521",0.0562072270158763,0.0567259253372132,0.88706684764691
"522",0.0548070842250368,0.0358989289137758,0.909293986861187
"523",0.0208311508864905,0.0416615859974567,0.937507263116052
"524",0.101772678194285,0.134481774058988,0.763745547746727
"525",0.0665561716952832,0.134263767355012,0.799180060949705
"526",0.103903445807337,0.187983287425811,0.708113266766852
"527",0,0.0192983251093972,0.980701674890201
"528",0.0729591103365311,0.108784966773715,0.81825592288975
"529",0.0748402405363415,0.0830286488749744,0.842131110588684
"530",0.060075067433712,0.101860568651086,0.838064363915202
"531",0.0380993309969632,0.0752636078761504,0.886637061126886
"532",0.0977478589305377,0.0749025769472588,0.827349564122204
"533",0.149187544574187,0.128625386997761,0.722187068428053
"534",0.143005788174479,0.105957821673558,0.751036390151963
"535",0.170448751720833,0.102271155688835,0.727280092590332
"536",0.17378266905353,0.0772529026709491,0.748964428275521
"537",0.0715690535516714,0.0429395265942432,0.885491419854085
"538",0.11970918889816,0.134672832708484,0.745617978357086
"539",0.0351277377528856,0.0351293887953592,0.929742873450769
"540",0.0574373269357354,0.104889182390824,0.837673483749286
"541",0.108693508509877,0.0905778836135561,0.800728607876567
"542",0.124847837898264,0.0184453941357203,0.856706767966016
"543",0.170731739907941,0.0975609735438801,0.731707286548178
"544",0.0378030058971016,0.113767810403608,0.848429183646964
"545",0.0854889731387307,0.113985517230677,0.800525509180309
"546",0.0464846346169003,0.0950023681932933,0.858512997189806
"547",0.090809719749135,0.176307093779441,0.732883186471424
"548",0.0686480345556829,0.109073994646174,0.822277970798143
"549",0.132764026982063,0.129189112495658,0.738046860493455
"550",0.0798735650978594,0.142190676368442,0.777935758533699
"551",0.0864296744643811,0.114194606926139,0.7993757186055
"552",0.0818553272573567,0.180248307667062,0.737896364557934
"553",0.0825731730788664,0.0647361544383514,0.852690672279246
"554",0.143542568144597,0.0969108644978719,0.759546567357531
"555",0.0394804265532893,0.158145424635377,0.802374148811334
"556",0.0944864331134156,0.126043521905116,0.779470044981469
"557",0.135702182986216,0.0919795853049289,0.772318209497243
"558",0.0362316608720247,0.0905808069065271,0.873187532218206
"559",0.0536175585371377,0.0707367046753173,0.875645736787545
"560",0.0701241276280385,0.089411197277332,0.840464675094629
"561",0.0898382479604412,0.137547568287894,0.772614183700092
"562",0.0959648767157417,0.0204953956192402,0.883539727663163
"563",0.165585345271177,0.130204558840311,0.704210095888512
"564",0.101683755133166,0.172351424328528,0.725964820538306
"565",0.0699021797248377,0.122334712385344,0.807763107888087
"566",0.0953004063527838,0.0823265844686499,0.822373009178566
"567",0.150106074279439,0.112581139991096,0.737312785661449
"568",0.162408234601243,0.0683132081432056,0.769278553484199
"569",0.10106164327259,0.0694553194415205,0.829483037285889
"570",0.146491272632907,0.0640126585861926,0.789496068706609
"571",0.126751826405044,0.167926444282419,0.705321728977722
"572",0.0754445623118748,0.0355093169920972,0.889046119862581
"573",0.13179424554975,0.120080092860032,0.748125661590218
"574",0.0856827973315568,0.0692171091558446,0.845100093510634
"575",0.148931339745832,0.123160131733238,0.72790852852093
"576",0.0979986635305311,0.0199882947782431,0.882013040578619
"577",0.0795288261159395,0.143153939119712,0.777317234763859
"578",0.117373749823027,0.150909645921221,0.731716604251642
"579",0.129889575986197,0.0813073707850546,0.788803053228748
"580",0.134983720887408,0.0685321641807623,0.796484114601561
"581",0.0856431039341034,0.12340772453502,0.790949171398114
"582",0.0774260487837813,0.0580696569342751,0.864504293504068
"583",0.131179466744806,0.157967033226712,0.710853500028483
"584",0.187862965796425,0.0495186215475244,0.76261841265605
"585",0.0488575981173174,0.0667473039468033,0.884395097935879
"586",0.0330605533360182,0.053721260174479,0.913218186489503
"587",0.134859810732202,0.118020200426137,0.747119988841662
"588",0.172629239637453,0.0577236039954094,0.769647156289539
"589",0.0949126007285518,0.0820246224373052,0.823062776834143
"590",0.125182669832911,0.12586073642429,0.748956593489307
"591",0.0702821314279923,0.112138822516464,0.817579046055543
"592",0.0795835502184651,0.0986145104854031,0.821801939037668
"593",0.0598778027068366,0,0.940122197293163
"594",0.130917513704365,0.155383376285106,0.713699109675586
"595",0.096536087831423,0.13453009189804,0.76893381970574
"596",0.125541964380048,0.050210344952108,0.824247690667844
"597",0.0713000028560472,0.229108655107311,0.699591342036641
"598",0.0797146600455672,0.0835092587737043,0.836776081180729
"599",0.00687992030737445,0.154112224671027,0.839007854906209
"600",0.176455155355049,0.0400043327413536,0.783540511903597
"601",0.0799975267199217,0.0821444036160503,0.837858069664002
"602",0.100688146775593,0.140223570990557,0.75908828223385
"603",0.053190723534536,0.0996201059804664,0.847189170484998
"604",0.0890713517833226,0.0896719269397496,0.821256721276928
"605",0.0938202269617859,0.108376954768413,0.797802818269791
"606",0.148994767840761,0.0928370856830199,0.758168146476219
"607",0.099506953658259,0.116916678056785,0.783576368284956
"608",0.13231354184549,0.210434496251348,0.657251945056408
"609",0.129608096464668,0.0574121098854622,0.812979793250127
"610",0.0682513744960181,0.0815962718650542,0.850152353638928
"611",0.137764118626695,0.213532263286641,0.64870361789397
"612",0.0818339138846772,0.101996831885423,0.8161692542299
"613",0.0898240401166766,0.0652503001892405,0.844925659694083
"614",0.160991625308112,0.0343785336196561,0.804629841072232
"615",0.123662777873745,0.0581016072902997,0.818235610626468
"616",0.09832450972316,0.0959256423047937,0.805749847972046
"617",0.110219633335986,0.054902838034324,0.83487752862969
"618",0.127303327819959,0.123114725313134,0.749581946740454
"619",0.0928052322720196,0.0476885830621697,0.859506184658863
"620",0.100490783164355,0.126250245598234,0.773258971237411
"621",0.126347677902027,0.122055938917855,0.751596383180117
"622",0.104492337573831,0.14242217982744,0.753085482598727
"623",0.118241014577012,0.123363469919641,0.758395515503348
"624",0.0864901540454264,0.101572982691871,0.811936862336015
"625",0.098507012398454,0.134179269441771,0.767313718159775
"626",0.0785429105326749,0.152288554556369,0.769168534759908
"627",0.0871738348788148,0.0970033221764963,0.815822842944689
"628",0.0415745194198749,0.0838859774703087,0.874539503106544
"629",0.115174370029067,0.035955470458716,0.848870159464028
"630",0.10791460051318,0.0630629969486291,0.829022402538191
"631",0.0945761491070631,0.102744499661171,0.802679351231766
"632",0.092603103941024,0.123167431441873,0.784229463820769
"633",0.0859746341030342,0.0832152230512451,0.830810142845721
"634",0.0350493606107512,0.070352714686508,0.894597924630154
"635",0.139487326410264,0.161123918173212,0.699388755416524
"636",0.125877152019195,0.0607842948593722,0.813338553121433
"637",0.0755501422300417,0.0888861707953477,0.835563686974611
"638",0.18181787929784,0.0909217751299622,0.727260345572198
"639",0.0721010583602943,0.178164756988064,0.749734184651642
"640",0.160825612862638,0.0842620535660368,0.754912333571325
"641",0.15676603859891,0.0301742977425425,0.813059663658547
"642",0.106107010147293,0.110218208511467,0.78367478134124
"643",0.0421194241700276,0.173053019041759,0.784827553041337
"644",0.101063423307427,0.0876403294019179,0.81129624685278
"645",0.0499438105814275,0.109622054902627,0.840434134515946
"646",0.0596623842445246,0.0877544648171541,0.852583150938321
"647",0.0525356984488883,0.123293403479382,0.824170898071729
"648",0.0897739645036423,0.154447773824723,0.755778244443297
"649",0.0429351469818508,0.0765174460272327,0.880547406990916
"650",0.0826815250388634,0.0958379917275837,0.821480483233552
"651",0.12876976919551,0.0643848318382232,0.806845398966261
"652",0.155350658051298,0.0692013846459053,0.775447957274977
"653",0.0788756279899425,0.0731653744684208,0.847958997541637
"654",0.0826152291749366,0.0837419491146717,0.833642819056406
"655",0.157728550984436,0.0152964002627784,0.826975048752786
"656",0.196236571325126,0.060595578474873,0.743167850200001
"657",0.0601693678303571,0.118318765264112,0.821511866905531
"658",0.151751116462424,0.0300628078203765,0.8181860757172
"659",0.0474104963139299,0.15072419528638,0.801865305420959
"660",0.107894528932002,0.120743947371969,0.771361523696029
"661",0.175779849458246,0.105315052402378,0.718905097540207
